12a_0601	6	{-1,-2,3,4,5,5,4,-5,4,3,-4,2,-1,2,3}
12a_0602	4	{-1,2,-1,-1,-1,2,3,3,3,2,-1,2,-3}
12a_0603	5	{-1,2,3,-4,-1,-2,3,-2,3,4,4,4,3,-2}
12a_0604	6	{-1,2,3,-4,5,-1,-3,5,2,4,-3,2,4,5,-3}
12a_0605	4	{-1,-1,2,-3,-1,2,2,3,-1,3,-1,2,-1}
12a_0606	5	{-1,2,2,-3,1,-3,1,2,-3,-4,3,-4,2,-3}
12a_0607	4	{1,-2,-3,-3,-2,-2,1,-2,-2,-2,3,-2,1}
12a_0608	5	{1,-2,3,3,-2,-1,-1,-2,-2,3,-4,-2,-3,2,-3,4}
12a_0609	5	{1,-2,-3,-3,4,-2,-1,-1,2,-3,-2,4,-2,4,-2,3}
12a_0610	6	{1,1,1,2,-1,3,-2,1,3,2,2,4,-3,4,5,-4,5}
12a_0611	5	{-1,-2,3,4,4,3,-2,3,-4,3,1,1,2,2,-3,2}
12a_0612	5	{-1,2,3,-4,-1,3,-2,3,3,4,4,4,3,-2}
12a_0613	5	{1,-2,-3,4,4,-3,2,-3,4,-3,-1,-3,-1,-2}
12a_0614	6	{-1,2,-3,4,-1,2,4,5,3,5,3,-4,3,-4,-5}
12a_0615	5	{-1,2,2,3,1,3,1,2,2,-3,4,2,4,3,3,-4}
12a_0616	4	{1,1,1,2,2,-3,2,-1,2,-3,2,2,-3}
12a_0617	4	{-1,2,2,3,-1,3,-1,2,2,-1,2,-3,-1}
12a_0618	4	{1,1,1,2,-3,2,2,-3,-1,2,-3,2,2}
12a_0619	6	{1,1,1,2,-1,2,-3,2,2,4,-3,-2,4,5,-4,-3,5}
12a_0620	4	{-1,2,-1,2,3,3,3,2,-1,2,-3,2,2}
12a_0621	5	{1,-2,3,-4,1,2,-3,-3,-3,2,2,-3,-3,-4}
12a_0622	6	{1,2,-3,4,-5,-2,-2,-3,-4,1,-2,3,-4,5,4,4,-3}
12a_0623	5	{-1,2,2,1,1,2,-3,2,-3,4,4,4,3,-2,3,-4}
12a_0624	5	{1,-2,-3,-4,-2,3,-4,-3,-2,3,1,1,-2,-2,3,-2}
12a_0625	6	{-1,2,-3,-4,5,-1,3,5,-2,-4,3,-2,-4,5,3}
12a_0626	4	{1,1,1,2,-3,2,-1,2,-3,-3,2,-3,2}
12a_0627	5	{-1,2,-3,4,-1,2,-3,2,4,2,-3,-3}
12a_0628	5	{-1,2,2,1,1,2,3,-4,3,-2,3,-4,3,-4}
12a_0629	5	{1,2,-3,4,-3,-2,-2,-3,4,1,1,-2,-3,4}
12a_0630	5	{-1,2,-3,4,-1,-2,4,3,3,-2,3,-2,3,4}
12a_0631	5	{-1,2,2,-3,4,-3,1,1,2,-3,2,-4,-4,-3}
12a_0632	5	{-1,2,2,1,1,2,-3,4,3,-2,-3,2,-3,-3,4,-3}
12a_0633	5	{-1,2,2,1,1,2,-3,4,-3,2,-3,-2,3,4,-3,4}
12a_0634	5	{1,-2,-3,-4,2,-3,-4,-3,-2,3,1,4,1,-2,-2,-2}
12a_0635	6	{1,-2,-3,-4,5,1,3,5,-2,-4,5,3,-2,-3,-3}
12a_0636	6	{-1,-1,-2,1,-2,-2,-3,2,2,-4,3,-2,5,-4,-3,5,5}
12a_0637	5	{1,-2,-3,4,1,4,-3,2,-3,4,-3,-2,-2,-3}
12a_0638	5	{-1,2,2,-3,2,2,3,1,3,1,-2,3,4,-3,-2,4}
12a_0639	4	{-1,2,3,-1,3,-1,-2,3,3,3,2,-1,2}
12a_0640	5	{1,-2,1,2,3,-4,3,-4,3,-4,2,-4,2,-3}
12a_0641	4	{1,-2,1,2,-3,-3,-3,-3,2,2,-3,-3,-3}
12a_0642	5	{1,-2,1,2,-3,-4,3,-4,-3,2,2,-3,-3,-3}
12a_0643	5	{1,-2,1,2,-3,-3,-3,-3,2,2,-3,-4,3,-4}
12a_0644	6	{1,-2,1,2,-3,-4,-5,4,-5,-4,3,-4,2,2,-3}
12a_0645	4	{-1,-1,2,3,-1,3,3,2,-1,2,-3,2,2}
12a_0646	4	{-1,-1,-1,2,2,3,-1,3,2,-1,2,2,-3}
12a_0647	4	{1,1,2,2,2,3,1,1,1,-2,1,3,3}
12a_0648	5	{1,-2,3,1,3,3,4,2,4,2,2,-3,2,4}
12a_0649	5	{1,-2,3,-4,1,-4,1,-2,-4,-4,3,-4}
12a_0650	6	{-1,-2,3,-4,5,1,-2,3,-2,5,-1,-4,5}
12a_0651	5	{-1,2,-3,4,-1,2,-3,4,4,4,4,4}
12a_0652	6	{-1,2,-3,4,-1,2,-3,4,4,5,-4,5,4}
12a_0653	6	{1,1,1,2,-1,2,3,-2,4,-3,2,4,3,3,5,-4,5}
12a_0654	5	{-1,2,2,1,1,2,3,-4,3,3,-2,3,-4,3}
12a_0655	5	{1,-2,1,2,-3,-4,-4,-3,2,2,-3,-3,4,-3}
12a_0656	5	{1,-2,3,3,-4,-2,3,-1,-1,-2,-2,-3,4,-3,4,-2}
12a_0657	4	{-1,-1,2,2,-3,-1,2,2,3,-1,3,2,-1}
12a_0658	5	{-1,2,2,-3,1,1,2,-3,-4,3,2,-4,2,-3}
12a_0659	5	{-1,2,2,3,1,1,2,2,3,-4,3,-2,3,4,4,3}
12a_0660	4	{-1,2,2,3,3,3,2,-1,2,-3,2,2,2}
12a_0661	5	{1,-2,1,2,-3,4,2,2,-3,-4,3,2,2,-3,4,4}
12a_0662	5	{-1,2,-3,4,-1,-2,4,3,-2,3,-2,-2,3,4}
12a_0663	6	{-1,2,-3,-4,5,-1,3,5,-2,-4,5,3,-2,3,3}
12a_0664	5	{-1,2,-3,4,-1,-2,4,3,3,3,-2,3,3,4}
12a_0665	6	{1,1,-2,-1,-1,-3,2,1,4,-3,2,4,5,-4,-3,5,4}
12a_0666	6	{-1,2,3,-1,3,3,2,-3,2,-4,-5,3,4,-5,4}
12a_0667	4	{-1,2,2,3,-1,3,-1,-1,2,2,2,-3,-1}
12a_0668	4	{-1,2,2,3,-1,3,2,2,-1,-1,2,-3,-1}
12a_0669	5	{1,-2,1,2,3,-4,-4,3,-4,2,-4,2,-4,-3}
12a_0670	4	{-1,-1,2,-3,-1,2,2,3,-1,3,2,-1,2}
12a_0671	4	{-1,2,2,3,-1,3,2,2,2,-1,2,2,-3}
12a_0672	4	{-1,2,2,3,-1,3,2,2,-1,2,-1,2,-3}
12a_0673	5	{-1,2,-3,4,-1,2,4,-3,4,-3,4,4}
12a_0674	5	{-1,2,-3,4,-1,-3,-3,4,2,4,-3,4}
12a_0675	4	{-1,2,3,3,-2,3,-1,3,3,2,-1,2,2}
12a_0676	5	{1,-2,1,2,3,-4,3,3,-4,3,2,2,-3,-4}
12a_0677	5	{-1,2,2,1,1,2,-3,4,-3,2,-3,-2,3,-4,3,4}
12a_0678	5	{-1,2,2,-3,1,1,2,-3,-4,2,2,3,-4,-3}
12a_0679	6	{1,2,3,-4,5,3,5,2,4,1,4,-2,4,5,-3}
12a_0680	4	{-1,-1,2,2,-3,-1,2,-1,2,3,3,3,3}
12a_0681	5	{-1,2,-3,4,-1,2,2,2,-3,4,4,4}
12a_0682	6	{-1,2,3,-4,5,-1,-2,3,2,5,5,-4,5}
12a_0683	5	{-1,2,-3,4,-1,2,4,4,-3,4,4,4}
12a_0684	6	{1,-2,-3,4,-5,1,2,2,2,-3,4,2,-5}
12a_0685	5	{-1,2,2,1,1,2,3,-2,3,4,4,-3,2,2,-3,-4}
12a_0686	5	{-1,2,2,3,-4,3,2,2,1,1,2,-3,2,-4}
12a_0687	6	{1,-2,-3,4,-5,1,2,-3,4,2,4,3,3,-4,-5}
12a_0688	4	{-1,2,3,-1,3,-2,3,3,3,2,-1,2,2}
12a_0689	6	{1,-2,-3,4,-5,1,2,-3,4,2,4,4,-5}
12a_0690	7	{-1,2,3,-4,5,6,-1,3,-5,6,2,-4,5,-3}
12a_0691	7	{-1,2,-3,4,5,6,-1,2,-3,-5,6,-4,5,4}
12a_0692	4	{-1,2,-1,-1,-1,-2,3,-2,-2,-2,-1,3,3}
12a_0693	5	{-1,2,-3,-1,-3,-3,4,2,-3,-3,-3,4}
12a_0694	5	{1,2,2,1,1,2,3,-4,3,-4,-2,3,3,3}
12a_0695	5	{1,2,-3,4,-3,2,2,1,1,-2,-3,2,4,-3}
12a_0696	5	{-1,2,-3,-1,-2,3,-2,3,-4,3,-2,3,-4,3}
12a_0697	5	{-1,2,-3,-1,-3,4,2,-3,2,4,-3,4}
12a_0698	5	{-1,2,-3,4,-1,-3,2,-3,2,4,-3,-3}
12a_0699	5	{-1,2,-1,2,3,-4,3,3,-2,3,-2,-4,-3,-3}
12a_0700	5	{1,2,-3,2,1,1,-2,-3,4,-3,2,-3,4,-3}
12a_0701	4	{-1,-1,-1,-2,-2,3,-2,1,-2,-2,3,3,-2}
12a_0702	5	{-1,2,-3,4,-1,-3,-3,2,-3,4,-3,-3}
12a_0703	5	{-1,2,-3,-4,-1,-2,-2,3,-4,-2,3,3,-4,3}
12a_0704	5	{1,-2,-3,4,1,-2,4,-2,-2,-3,2,-3,-3,4}
12a_0705	5	{-1,2,-3,-1,2,-3,2,4,-3,2,-3,4}
12a_0706	5	{1,2,-3,4,2,1,1,-2,-3,2,-3,4,-3,-3}
12a_0707	5	{-1,2,-3,-4,-1,-2,3,-2,-4,3,3,-4,3,3}
12a_0708	5	{-1,2,-1,2,-3,-4,-2,3,-2,3,3,-4,3,3}
12a_0709	5	{-1,2,-3,-1,2,-3,4,-3,2,-3,-3,4}
12a_0710	5	{-1,2,-1,2,-3,-3,-4,-2,-2,3,-2,3,-4,3}
12a_0711	5	{-1,2,-3,4,-1,-3,-3,4,2,-3,4,-3}
12a_0712	5	{-1,2,-3,-1,-2,3,-2,-4,3,-2,-4,3,-4,3}
12a_0713	4	{-1,-1,-1,2,2,3,3,2,2,2,-1,2,-3}
12a_0714	4	{-1,-1,-1,-1,-1,2,2,3,3,2,-1,2,-3}
12a_0715	5	{-1,2,2,1,1,2,-3,2,-3,-3,-4,3,-4,-3}
12a_0716	3	{1,-2,-2,-2,-2,-2,-2,-2,-2,1,1,-2}
12a_0717	4	{-1,-2,3,3,-2,3,-2,-2,-2,-2,-2,-1,2}
12a_0718	4	{1,-2,-3,1,-3,-2,-2,-2,3,-2,-2,-2,1}
12a_0719	5	{1,-2,-2,-2,-3,-4,2,-3,-4,-3,-2,3,1,4,1,-2}
12a_0720	4	{1,-2,-3,1,-3,-2,-2,-2,-2,-2,3,-2,1}
12a_0721	5	{1,-2,-2,-2,-3,4,4,-3,2,-3,4,-1,-1,-2}
12a_0722	3	{1,-2,1,1,1,1,1,1,1,1,1,-2}
12a_0723	4	{-1,2,3,3,2,-3,2,2,2,2,2,-1,2}
12a_0724	4	{-1,2,3,3,2,2,2,-3,2,2,2,-1,2}
12a_0725	5	{-1,2,2,2,-3,4,2,-3,-4,3,2,-3,1,4,1,2}
12a_0726	4	{-1,2,3,3,2,2,2,2,2,-3,2,-1,2}
12a_0727	5	{-1,2,-1,2,-3,2,3,3,3,4,4,3,2,-4}
12a_0728	4	{-1,-1,-1,2,-1,2,-3,2,2,3,3,2,-1}
12a_0729	5	{-1,2,2,1,1,2,-3,-4,3,-4,-3,2,-3,2}
12a_0730	5	{-1,2,-3,4,2,-3,-4,3,2,-3,1,4,1,2,2,2}
12a_0731	5	{-1,2,2,1,1,2,2,2,-3,-4,2,3,-4,-3}
12a_0732	5	{1,-2,-2,-2,-3,-4,2,3,-4,-3,-2,1,1,-2}
12a_0733	5	{-1,2,-1,2,2,2,-3,2,3,4,4,3,2,-4}
12a_0734	4	{-1,2,2,-3,-1,-1,2,2,3,3,2,-1,2}
12a_0735	6	{1,-2,1,2,3,-2,3,-4,3,-4,5,4,-3,4,3,-5,2}
12a_0736	5	{-1,2,2,1,1,2,-3,-4,2,-4,-4,3,-4,-3}
12a_0737	4	{-1,-1,2,-1,-1,-1,-2,3,3,-2,3,-2,-1}
12a_0738	5	{1,-2,-3,4,4,-3,2,-3,-1,-3,-1,-3,4,-2}
12a_0739	4	{-1,2,-1,2,2,3,3,3,-2,3,3,3,2}
12a_0740	5	{-1,2,3,-4,3,-4,3,-2,3,1,3,1,3,2}
12a_0741	5	{-1,2,3,-4,2,3,-4,3,2,-3,1,1,2,2,-3,2}
12a_0742	4	{-1,-1,2,-3,-1,-1,-1,2,2,3,3,2,-1}
12a_0743	6	{-1,-2,-3,4,4,5,5,4,-3,4,-2,-5,-1,2,3}
12a_0744	6	{-1,-2,-3,-4,5,5,-4,5,-4,-3,4,-2,-1,2,3}
12a_0745	6	{-1,2,-1,2,-3,2,3,4,5,5,4,3,2,-4,-5}
12a_0746	4	{-1,2,-1,2,-1,-3,-1,2,2,3,3,2,-1}
12a_0747	5	{1,-2,-3,4,1,-2,4,3,-2,-2,-2,-3,-3,4}
12a_0748	5	{-1,2,2,1,1,2,-3,2,-3,-3,-3,4,3,-2,3,-4}
12a_0749	5	{1,-2,-3,4,2,3,-4,3,-2,3,-1,-4,-1,-2,-2,-2}
12a_0750	6	{1,2,2,3,-2,-1,3,-4,3,-4,5,4,-3,4,-2,-5,3,2,2}
12a_0751	6	{-1,2,-3,4,5,-1,-3,5,-3,-4,-2,5,3,-2,4}
12a_0752	6	{1,-2,3,3,2,2,-1,2,2,3,-4,-5,-2,3,-5,-4,5}
12a_0753	6	{1,1,-2,1,-2,-2,-3,2,2,-4,3,-2,-4,-5,4,-3,-5}
12a_0754	5	{-1,2,-3,4,-1,-2,4,-2,3,-2,3,3,3,4}
12a_0755	4	{-1,-1,2,-3,2,-1,2,-1,3,3,3,2,2}
12a_0756	5	{1,-2,-3,4,1,-2,4,3,-2,-3,-3,-3,-3,4}
12a_0757	4	{-1,-1,-1,2,3,3,-2,3,3,3,2,-1,2}
12a_0758	5	{1,-2,1,2,3,-4,3,-4,-4,-4,3,2,2,-3}
12a_0759	4	{1,-2,1,2,-3,-3,-3,-3,-3,-3,2,2,-3}
12a_0760	5	{1,-2,1,2,-3,-3,-3,-4,3,-4,-3,2,2,-3}
12a_0761	5	{1,-2,1,2,-3,-4,3,-4,-4,-4,-3,2,2,-3}
12a_0762	4	{1,-2,-3,1,2,2,2,2,2,2,2,-3,2}
12a_0763	5	{-1,2,2,2,-3,-4,2,3,-4,3,2,1,1,2}
12a_0764	5	{-1,2,-3,-4,2,3,-4,3,2,1,1,2,2,2}
12a_0765	5	{-1,2,2,3,-4,1,-4,1,-3,-2,3,-2,3,-4,3,-4}
12a_0766	5	{-1,2,-3,4,-1,-2,4,3,-2,-2,-2,3,3,4}
12a_0767	6	{1,1,2,-1,2,2,2,3,-2,-2,4,-3,2,-5,4,3,-5}
12a_0768	5	{1,-2,-3,4,1,-2,4,-2,-2,3,-2,-3,-3,4}
12a_0769	6	{-1,2,-3,4,4,-3,4,5,-2,-2,1,-2,3,-4,-2,-3,5}
12a_0770	6	{1,1,1,2,-1,2,3,-2,3,4,-3,2,-5,4,-3,-5,-4}
12a_0771	5	{1,-2,-3,4,-2,4,-3,-2,4,3,-1,-1,-2,-2,3,-2}
12a_0772	5	{-1,2,3,-1,3,-4,3,-2,3,-2,4,4,4,4}
12a_0773	6	{1,-2,1,2,3,-4,-5,3,4,-5,-4,3,2,2,-3}
12a_0774	6	{1,-2,1,2,-3,-4,-5,3,4,-5,-4,-3,2,2,-3}
12a_0775	6	{-1,-2,3,-4,5,3,5,4,-5,4,3,2,-1,2,3}
12a_0776	5	{-1,2,-3,4,-1,-2,4,-2,3,3,3,-2,3,4}
12a_0777	5	{-1,2,-3,4,-1,-2,4,3,-2,3,3,3,3,4}
12a_0778	5	{-1,2,-3,4,-1,-2,4,-2,-2,3,-2,3,3,4}
12a_0779	6	{-1,-2,3,4,-2,4,-5,-4,3,-2,-4,-1,5,4,2,3,-4}
12a_0780	5	{-1,-2,3,3,-2,1,1,2,3,4,4,3,3,-2,3,-4}
12a_0781	6	{1,-2,3,-4,5,1,-3,5,-3,-4,2,5,-3,2,-4}
12a_0782	6	{-1,2,-3,4,5,-1,-3,5,-2,-4,5,3,-2,4,4}
12a_0783	6	{1,-2,3,-4,5,1,-4,3,-2,3,-4,3,-5,-4,3,2,3}
12a_0784	4	{-1,2,2,-3,-1,-1,2,2,3,-1,3,2,-1}
12a_0785	5	{1,2,-3,4,2,2,1,1,-2,-3,2,4,-3,4}
12a_0786	6	{1,-2,1,2,3,-4,-5,3,4,2,-5,2,-3,-4,-4}
12a_0787	6	{1,-2,1,2,-3,-4,3,-4,5,-4,3,-4,-3,-5,2,2,-3}
12a_0788	5	{1,2,-3,2,2,1,1,-2,-3,4,-3,2,-3,4}
12a_0789	4	{-1,-1,-1,2,2,3,-1,3,2,2,2,-3,-1}
12a_0790	5	{-1,2,2,-3,1,1,2,2,2,-3,-4,3,-4,-3}
12a_0791	5	{1,-2,1,2,3,-4,-4,-4,-4,3,-4,2,2,-3}
12a_0792	6	{1,-2,1,2,3,-4,-5,4,-5,-4,3,-4,2,2,-3}
12a_0793	5	{-1,2,-3,4,-1,-3,4,2,-3,4,-3,4}
12a_0794	4	{-1,2,2,2,3,-1,3,2,2,2,2,2,-3}
12a_0795	5	{1,-2,1,2,2,3,-4,3,3,3,-4,2,-3,2}
12a_0796	5	{1,-2,3,-4,1,3,3,3,3,3,-4,2,-3,2}
12a_0797	6	{-1,-2,3,4,5,5,4,-5,4,-3,4,2,-1,2,3}
12a_0798	5	{-1,2,3,-1,3,-4,3,-2,3,3,4,4,3,2}
12a_0799	6	{1,-2,1,2,3,-4,-5,3,3,4,2,-5,2,-3,-4}
12a_0800	5	{1,-2,3,-4,1,3,3,3,-4,2,2,2,-3,2}
12a_0801	4	{-1,2,2,2,3,-1,3,3,-2,3,3,3,2}
12a_0802	6	{1,-2,3,-4,-5,1,3,4,2,4,4,-5,4,-3,2}
12a_0803	7	{1,-2,3,-4,5,-6,1,3,5,-6,2,4,-5,4,-3,2}
12a_0804	5	{1,2,2,1,1,2,3,-4,3,-2,3,-4,3,-4}
12a_0805	3	{1,-2,1,-2,1,-2,1,-2,-2,-2,-2,-2}
12a_0806	4	{1,-2,-3,1,-3,-2,3,-2,-2,1,-2,1,-2}
12a_0807	4	{1,-2,-3,1,-3,-2,-2,-2,1,3,-2,1,-2}
12a_0808	5	{-1,2,-3,4,-1,-3,4,-3,4,-3,-2,3,-2,4}
12a_0809	4	{-1,2,-1,2,3,3,3,3,3,2,-1,2,-3}
12a_0810	5	{1,-2,1,2,2,3,-4,3,-2,3,-4,3,2,-4}
12a_0811	4	{1,2,2,3,1,3,1,1,-2,3,1,3,3}
12a_0812	5	{-1,2,3,-2,3,2,-4,1,1,2,-3,2,2,2,3,-4}
12a_0813	4	{1,1,1,2,2,3,1,3,-2,3,1,3,3}
12a_0814	5	{-1,2,3,3,4,2,4,1,4,1,-3,2,4,4}
12a_0815	3	{1,1,1,-2,-2,1,1,-2,-2,-2,-2,-2}
12a_0816	4	{-1,2,-1,-2,-2,-2,3,3,-2,-2,3,3,3}
12a_0817	4	{1,1,2,2,3,1,3,1,-2,3,1,3,3}
12a_0818	5	{-1,2,2,2,3,-1,3,-4,3,-2,3,-2,-4,-3}
12a_0819	3	{-1,2,-1,2,-1,-1,-1,2,-1,2,2,2}
12a_0820	4	{-1,2,-1,-2,3,-2,3,3,3,-2,3,-2,3}
12a_0821	5	{-1,2,-1,-2,3,-2,3,4,-3,-2,4,3,-2,3}
12a_0822	4	{-1,2,2,2,2,3,3,2,-1,2,2,2,-3}
12a_0823	5	{1,-2,1,2,2,3,-4,3,3,3,-4,-2,3,2}
12a_0824	3	{1,1,1,-2,-2,-2,-2,1,1,-2,-2,-2}
12a_0825	4	{1,-2,-2,-2,-3,1,-3,1,1,-2,3,-2,1}
12a_0826	4	{-1,2,-1,-2,3,3,-2,-2,-2,-2,3,3,3}
12a_0827	5	{1,-2,-3,4,4,-3,-2,3,4,-1,4,-1,-2,4}
12a_0828	5	{1,-2,3,1,3,-4,2,2,3,-2,3,2,4,4,4,4}
12a_0829	5	{1,2,2,1,1,2,3,-4,3,-2,3,3,-4,3}
12a_0830	4	{1,-2,-3,-3,-2,1,1,1,-2,3,-2,-2,1}
12a_0831	4	{1,-2,-3,-3,-2,-2,1,1,1,-2,3,-2,1}
12a_0832	5	{1,2,2,1,1,2,3,-4,3,3,-2,3,-4,3}
12a_0833	4	{-1,2,2,2,2,3,-1,3,-1,2,-1,2,-3}
12a_0834	5	{-1,2,3,-4,3,-4,3,-4,2,-4,1,-3,1,2}
12a_0835	3	{1,1,1,-2,-2,-2,-2,-2,-2,1,1,-2}
12a_0836	4	{1,-2,-3,1,-3,1,1,-2,3,-2,-2,-2,1}
12a_0837	4	{1,-2,-3,1,-3,1,1,-2,-2,-2,3,-2,1}
12a_0838	3	{1,1,1,-2,1,1,1,1,1,1,1,-2}
12a_0839	4	{1,-2,1,2,2,2,2,-3,2,2,2,-3,2}
12a_0840	4	{-1,2,3,3,2,2,2,-3,2,-1,2,2,2}
12a_0841	5	{-1,2,-3,4,2,2,2,-3,-4,3,2,-3,1,4,1,2}
12a_0842	5	{1,-2,-3,4,4,-3,2,-3,4,-1,4,-1,-2,4}
12a_0843	5	{1,-2,3,1,3,3,-4,3,3,3,-4,2,-3,2}
12a_0844	5	{1,-2,-3,4,1,-2,4,3,-2,-3,-3,4,4,4}
12a_0845	5	{-1,2,-1,-2,3,-2,-3,4,-3,-4,3,-2,3,3,3,4}
12a_0846	5	{1,-2,-3,1,2,-3,-2,4,-2,4,4,-3,4,4}
12a_0847	5	{-1,2,-3,4,-1,-2,4,3,-2,3,3,4,4,4}
12a_0848	4	{1,-2,-2,-2,-2,-3,1,-3,-2,1,-2,-2,3}
12a_0849	5	{1,-2,-3,4,-3,-3,4,-3,-2,3,4,-1,-1,-2}
12a_0850	3	{1,-2,1,-2,-2,1,1,1,1,1,1,-2}
12a_0851	4	{-1,2,3,-1,3,-1,2,-3,2,2,2,-1,2}
12a_0852	4	{-1,2,3,-1,3,-1,2,2,2,-3,2,-1,2}
12a_0853	5	{1,-2,3,1,-2,-2,3,-4,-4,3,-4,3,-4,2,3,2}
12a_0854	5	{-1,2,3,-4,3,-4,3,-4,-2,-4,1,3,1,2}
12a_0855	4	{1,1,1,-2,-3,-3,-2,1,-2,3,1,-2,1}
12a_0856	5	{1,-2,1,2,2,-3,-4,2,-4,-3,2,-3,4,-3}
12a_0857	4	{1,-2,1,-2,-3,-3,-3,-3,-2,1,1,-2,3}
12a_0858	5	{1,-2,-3,4,4,-3,4,2,-3,-1,4,-3,-1,-2}
12a_0859	3	{1,-2,1,-2,-2,1,-2,-2,-2,-2,-2,-2}
12a_0860	4	{1,-2,-3,1,-3,-2,3,-2,-2,-2,1,-2,-2}
12a_0861	4	{1,-2,-3,1,-3,-2,-2,-2,3,-2,1,-2,-2}
12a_0862	5	{-1,2,-1,-2,3,2,-3,-4,3,2,-4,-3,2,-3,-3,-3}
12a_0863	5	{1,-2,-3,4,-3,-3,4,-3,2,-3,4,-1,-1,-2}
12a_0864	3	{1,-2,1,-2,1,1,-2,1,-2,-2,-2,-2}
12a_0865	4	{1,1,-2,1,-2,-3,1,-3,-2,3,-2,1,-2}
12a_0866	4	{1,-2,-3,1,-3,-2,1,-2,-2,3,-2,1,-2}
12a_0867	5	{1,-2,-3,4,1,-2,-2,-3,4,-3,4,2,-3,4}
12a_0868	5	{-1,-2,3,-2,3,-2,3,4,1,1,2,-3,2,-3,-4,-4}
12a_0869	3	{1,-2,-2,-2,1,-2,1,-2,1,-2,-2,-2}
12a_0870	4	{-1,2,-1,-2,3,-2,3,-2,3,-2,-2,-2,3}
12a_0871	4	{1,-2,1,-2,-2,-2,1,3,-2,1,-2,-3,-3}
12a_0872	5	{-1,2,-1,-2,3,-2,3,-4,3,2,4,-3,-2,-4,-4,3}
12a_0873	5	{-1,2,3,-2,3,2,-4,1,-4,1,2,-4,-3,2,3,-4}
12a_0874	4	{1,-2,1,-2,1,-2,-2,3,-2,1,-2,-3,-3}
12a_0875	5	{-1,-2,3,4,-2,4,3,-2,1,1,2,2,3,-4,3,-2}
12a_0876	4	{1,1,1,2,2,3,1,3,3,3,-2,3,1}
12a_0877	5	{-1,2,3,3,4,2,-3,1,4,1,2,4,4,4}
12a_0878	3	{1,-2,-2,1,1,1,1,-2,-2,-2,-2,-2}
12a_0879	4	{-1,2,-1,-2,-2,-2,3,3,3,3,-2,-2,3}
12a_0880	6	{1,-2,1,2,-3,4,5,2,5,4,3,3,2,4,-5}
12a_0881	4	{-1,2,3,-1,3,-1,-1,-1,-1,2,-3,2,-1}
12a_0882	5	{-1,2,-1,-2,-2,-2,3,4,-3,4,3,-2,-2,3}
12a_0883	5	{-1,2,-1,-2,3,-2,3,-4,3,2,-3,-3,-4,3,-2,3}
12a_0884	5	{-1,-2,3,-2,3,-2,1,1,2,-3,-4,2,3,-4,2,3}
12a_0885	5	{-1,2,3,-4,-1,2,2,2,3,-4,3,-2,3,-4}
12a_0886	5	{-1,2,2,3,-4,-2,-1,-4,-4,-3,2,-3,2,-4}
12a_0887	5	{-1,2,-3,4,-1,-2,3,-2,3,-2,3,-2,3,4}
12a_0888	5	{-1,2,3,-1,-2,3,-4,3,-4,3,2,2,3,-4}
12a_0889	4	{1,-2,1,2,-3,2,-3,2,-3,2,-3,-3,-3}
12a_0890	5	{-1,2,-1,-2,3,-2,3,-2,3,-2,3,4,-3,4}
12a_0891	4	{-1,2,3,3,2,-1,2,2,2,-3,2,-1,2}
12a_0892	5	{1,-2,1,2,3,3,4,4,3,-2,3,-2,3,-4,-2,-3}
12a_0893	5	{1,-2,-3,4,1,-2,-2,-3,4,-3,2,-3,4,4}
12a_0894	4	{-1,2,3,-1,3,-1,2,-1,2,-3,2,-1,2}
12a_0895	4	{-1,2,2,-1,-1,2,2,3,3,2,-1,2,-3}
12a_0896	4	{1,-2,1,1,1,-2,1,3,-2,1,-2,-3,-3}
12a_0897	5	{1,-2,1,2,-3,-4,2,-4,-3,2,-3,4,2,-3}
12a_0898	3	{1,-2,-2,1,1,-2,-2,1,1,-2,-2,-2}
12a_0899	4	{-1,2,-1,-2,3,3,-2,-2,3,3,-2,-2,3}
12a_0900	5	{-1,2,2,-3,4,2,2,3,1,3,1,2,-3,2,3,4}
12a_0901	5	{1,-2,-3,1,-3,2,-3,-3,-3,-4,2,2,3,-4}
12a_0902	6	{-1,-1,-2,1,-2,3,-2,3,2,-4,3,2,-4,-3,5,-4,5}
12a_0903	5	{-1,2,3,3,-4,2,1,1,-2,3,-2,3,3,-4,3,2}
12a_0904	4	{1,-2,1,2,-3,2,-3,2,2,2,-3,2,-3}
12a_0905	5	{1,-2,1,2,-3,-3,-2,-2,3,4,-3,4,3,2,2,-3}
12a_0906	5	{-1,2,3,-1,-2,3,3,-2,-2,3,-2,4,-3,4}
12a_0907	4	{-1,2,3,3,2,-1,2,-3,2,-1,2,2,2}
12a_0908	5	{1,-2,1,2,-3,4,-3,2,2,3,-4,3,-4,2,2,-3}
12a_0909	3	{1,1,-2,-2,1,-2,1,1,1,1,1,-2}
12a_0910	4	{1,-2,1,2,2,-3,2,2,-3,-3,2,-3,2}
12a_0911	4	{-1,2,2,-1,-1,2,3,-1,3,2,2,2,-3}
12a_0912	5	{1,-2,3,-4,1,3,-4,-4,3,3,-4,2,-3,2}
12a_0913	5	{1,-2,3,-4,3,-2,-1,3,-2,3,-4,3,3,-2}
12a_0914	5	{1,-2,-3,-4,-4,-3,2,-3,4,-1,-1,2,-3,-3,2,2}
12a_0915	6	{1,2,2,3,-4,3,3,2,-3,1,-2,-4,-5,-4,3,-4,5}
12a_0916	3	{1,-2,-2,1,1,-2,-2,-2,-2,1,1,-2}
12a_0917	4	{1,-2,1,-2,-2,-3,1,-3,1,-2,3,-2,1}
12a_0918	5	{1,-2,-3,1,-3,2,-3,-4,2,2,3,-4,-4,-4}
12a_0919	6	{1,-2,-3,1,-3,2,-3,-4,-5,2,2,3,4,-5,-4}
12a_0920	3	{1,-2,1,1,1,-2,-2,1,1,1,1,-2}
12a_0921	4	{-1,2,2,2,3,-1,3,-1,2,-3,2,-1,2}
12a_0922	4	{-1,2,3,3,2,2,-1,-1,2,-3,2,-1,2}
12a_0923	4	{-1,2,2,-3,2,-1,2,2,2,2,3,3,2}
12a_0924	5	{-1,2,-3,4,2,-3,-4,3,2,-3,1,4,1,2,4,4}
12a_0925	4	{1,-2,-3,1,-3,-2,-2,1,1,-2,3,-2,1}
12a_0926	4	{1,-2,-3,1,2,-3,2,2,2,2,-3,-3,2}
12a_0927	5	{1,-2,1,2,3,2,3,-4,3,-2,-4,3,2,-4,-4,-3}
12a_0928	5	{-1,2,-1,2,-3,4,-3,2,-1,2,-3,2,-4,-3}
12a_0929	4	{1,-2,-3,-3,-2,1,1,1,-2,3,1,-2,1}
12a_0930	4	{-1,2,2,-3,2,-1,2,2,3,3,2,2,2}
12a_0931	5	{1,-2,1,2,-3,4,-2,4,3,3,-2,3,-4,3,3,3}
12a_0932	5	{-1,2,2,-3,4,2,-3,2,-4,-1,2,-3,2,-4}
12a_0933	5	{-1,2,3,-4,-1,2,-4,2,3,-4,-2,3,-4,-4}
12a_0934	4	{-1,-1,2,-3,-1,2,-1,2,2,3,3,2,2}
12a_0935	5	{-1,2,2,-3,4,-3,2,-1,-3,2,-4,-3,2,-4}
12a_0936	5	{1,-2,3,3,-2,-1,-1,-2,3,4,-3,4,-2,3}
12a_0937	4	{1,-2,1,2,2,-3,2,2,2,2,2,-3,2}
12a_0938	5	{-1,2,-3,-2,3,-2,3,1,3,1,3,3,4,-3,2,4}
12a_0939	6	{1,1,2,-1,2,1,-3,2,-1,2,3,-4,3,-4,-5,4,-5}
12a_0940	6	{1,-2,3,-4,1,3,-4,2,5,-4,-4,-3,2,4,5}
12a_0941	4	{1,-2,-3,1,2,2,2,2,-3,-3,2,-3,2}
12a_0942	5	{1,-2,1,2,2,2,3,4,-3,4,3,-2,-2,-3,-3,-3}
12a_0943	5	{1,-2,3,3,-2,-1,-1,-2,3,4,-2,-3,4,3}
12a_0944	4	{-1,-1,-1,2,3,3,2,2,-1,2,-3,2,-1}
12a_0945	5	{1,-2,3,4,4,3,-2,3,-4,3,-1,3,-1,-2}
12a_0946	4	{-1,2,2,3,3,2,-1,2,2,2,-3,2,2}
12a_0947	5	{1,-2,1,2,-3,4,-2,4,3,3,-2,3,3,-4,3,3}
12a_0948	5	{1,-2,1,2,3,3,-4,3,-2,3,-2,-3,-4,2,3,-4}
12a_0949	4	{-1,2,3,3,2,2,2,-1,2,-3,-1,2,-1}
12a_0950	5	{1,-2,1,2,-3,4,-2,4,3,-2,-2,3,-2,-4,3,3}
12a_0951	5	{1,-2,-3,4,1,-2,-2,-3,-3,4,-3,2,-3,4}
12a_0952	4	{-1,2,2,3,3,2,-1,2,-3,2,2,2,2}
12a_0953	5	{-1,-2,3,3,-2,1,1,2,-3,2,3,3,4,-3,4,3}
12a_0954	4	{-1,2,2,2,3,3,2,-1,2,-3,-1,2,-1}
12a_0955	5	{-1,-2,-2,3,-2,-2,3,4,1,-3,1,4,3,2,-3,2}
12a_0956	4	{1,-2,1,-2,-2,-2,3,-2,1,-2,-2,-3,-3}
12a_0957	5	{1,-2,-3,4,2,3,-4,3,-2,3,-1,-4,-1,-2,-4,-4}
12a_0958	4	{1,-2,-2,3,1,-2,1,-2,-3,-3,-2,-2,-2}
12a_0959	5	{-1,2,-1,-2,3,-4,2,-4,-3,2,-3,4,2,-3,-3,-3}
12a_0960	5	{-1,2,-3,-4,-4,-3,2,1,1,2,-3,4,2,-3}
12a_0961	5	{-1,2,3,-4,-1,2,-4,2,3,-2,3,-4,3,-4}
12a_0962	5	{1,-2,3,-4,1,2,2,2,-3,2,2,-3,-3,-4}
12a_0963	5	{1,-2,-3,4,2,4,-3,-2,4,-1,-1,-2,3,-2,-3,4}
12a_0964	5	{1,-2,3,-4,1,2,-3,2,-3,-3,2,-3,-3,-4}
12a_0965	5	{-1,2,3,-1,-2,3,-4,-4,3,-4,2,2,3,-4}
12a_0966	4	{-1,2,3,3,2,2,-1,2,-1,-3,-1,2,-1}
12a_0967	5	{1,-2,-3,2,-3,4,-3,-3,-2,-1,-1,-2,3,-2,-3,4}
12a_0968	5	{-1,2,3,-1,-2,3,2,-4,2,2,3,-4,-4,-4}
12a_0969	6	{-1,2,3,-1,-2,3,2,-4,-5,2,2,3,4,-5,-4}
12a_0970	4	{1,-2,1,2,-3,2,-3,-3,2,-3,-3,-3,-3}
12a_0971	5	{1,-2,1,2,-3,2,-3,-3,2,-3,-3,-4,3,-4}
12a_0972	4	{-1,2,3,3,2,-1,2,-3,-1,-1,-1,2,-1}
12a_0973	5	{1,-2,3,1,2,2,3,-4,3,-2,3,2,4,4,4,4}
12a_0974	6	{1,1,2,-1,2,3,-2,4,3,3,4,-5,4,-3,4,5,5}
12a_0975	6	{-1,2,-3,4,-5,-1,-2,3,-2,3,3,-4,3,-4,-5}
12a_0976	6	{-1,2,-3,-4,-1,-2,-2,3,-4,3,-5,-2,3,4,-5}
12a_0977	4	{-1,2,2,-3,2,-1,2,3,3,3,3,2,2}
12a_0978	5	{-1,2,3,3,-4,3,3,-2,3,1,-4,3,1,2}
12a_0979	4	{1,-2,-3,1,-3,1,-2,-2,1,-2,3,-2,1}
12a_0980	4	{1,-2,-3,-3,-2,-2,1,-2,3,-2,1,-2,-2}
12a_0981	3	{1,-2,-2,1,1,-2,1,1,-2,-2,-2,-2}
12a_0982	4	{-1,2,-1,-2,-2,3,3,-2,3,3,-2,-2,3}
12a_0983	5	{-1,2,3,3,-4,2,1,1,-2,3,3,-2,3,-4,3,2}
12a_0984	3	{1,-2,-2,-2,1,-2,-2,1,-2,-2,-2,-2}
12a_0985	4	{1,-2,-2,-2,-3,1,-3,-2,3,-2,1,-2,-2}
12a_0986	4	{1,-2,1,1,-2,3,1,-2,1,-2,-3,-3,-2}
12a_0987	4	{1,-2,-2,-3,1,-3,-2,1,-2,-2,3,-2,-2}
12a_0988	4	{-1,2,-1,-2,3,-2,-2,-2,-2,3,-2,-2,3}
12a_0989	5	{-1,2,3,-1,2,-3,4,-3,-2,-4,-2,-2,3,-4,3,-2}
12a_0990	5	{-1,2,3,-4,-1,2,-4,2,2,3,-2,-4,3,-4}
12a_0991	5	{1,-2,-3,1,-2,-2,-2,-3,4,-3,-3,2,-3,4}
12a_0992	5	{1,-2,-3,1,2,-3,2,-3,-3,-4,2,2,3,-4}
12a_0993	4	{1,-2,1,2,-3,2,-3,2,2,-3,2,-3,-3}
12a_0994	4	{-1,2,3,3,2,-1,2,-3,-1,2,-1,2,2}
12a_0995	5	{1,-2,3,1,2,2,2,2,3,-4,3,-2,3,2,4,4}
12a_0996	6	{1,1,2,-1,2,3,-2,-4,-3,2,5,4,3,3,4,4,5}
12a_0997	4	{-1,2,3,3,2,-1,2,2,2,-3,-1,2,-1}
12a_0998	4	{-1,2,3,3,2,-1,2,-3,2,2,-1,2,-1}
12a_0999	3	{1,-2,-2,1,1,-2,-2,-2,1,1,-2,-2}
12a_1000	4	{-1,2,-1,-2,3,3,-2,-2,3,-2,-2,3,3}
12a_1001	5	{1,-2,1,2,3,4,4,3,-2,-2,3,-4,3,-2,-2,-3}
12a_1002	3	{1,-2,-2,-2,1,-2,1,1,-2,1,-2,-2}
12a_1003	4	{1,-2,-2,1,-2,3,-2,-2,1,-2,-2,-3,-3}
12a_1004	5	{1,-2,3,1,3,4,2,4,2,4,3,-2,3,2,-4,3}
12a_1005	4	{1,-2,-3,1,-3,-2,1,-2,-2,3,1,-2,1}
12a_1006	4	{-1,2,-1,-2,3,-2,3,3,-2,3,-2,-2,3}
12a_1007	4	{-1,2,3,-1,3,-1,-1,-1,2,-3,2,-1,2}
12a_1008	5	{-1,2,-3,2,-3,2,-3,1,-3,-4,3,1,2,-4}
12a_1009	4	{-1,2,3,-1,3,2,-3,2,-1,2,2,2,2}
12a_1010	5	{1,-2,1,2,-3,-2,3,-2,3,-2,3,3,3,4,-3,4}
12a_1011	3	{1,-2,1,1,1,-2,1,-2,-2,-2,-2,1}
12a_1012	4	{1,1,1,-2,-3,1,-3,1,-2,3,-2,1,-2}
12a_1013	3	{1,-2,-2,-2,1,-2,1,1,1,1,-2,1}
12a_1014	4	{-1,-1,-1,2,3,-1,3,2,-3,2,-1,2,2}
12a_1015	4	{1,-2,-3,1,2,2,-3,-3,-3,-3,2,-3,2}
12a_1016	5	{1,-2,3,4,-2,-3,4,3,-2,3,-1,3,-1,-2}
12a_1017	4	{-1,2,-1,-2,3,-2,3,3,3,3,-2,3,3}
12a_1018	5	{-1,2,-1,-2,3,-2,3,4,4,3,-2,-4,3,3}
12a_1019	5	{-1,2,-3,4,-1,2,-3,-1,2,4,-3,4}
12a_1020	5	{1,-2,3,-4,1,3,-2,1,3,-2,-4,3}
12a_1021	5	{1,2,2,-3,4,2,-3,1,2,4,-3,4,-3,-2}
12a_1022	6	{1,2,-3,4,2,-3,4,-3,1,5,4,-2,-3,4,3,-5,4}
12a_1023	4	{-1,-1,-1,2,2,2,2,3,3,2,-1,2,-3}
12a_1024	5	{-1,2,3,-4,-2,-4,-4,3,-4,3,2,1,1,2}
12a_1025	4	{-1,-1,-1,-2,3,-2,3,1,-2,3,-2,-1,3}
12a_1026	5	{1,-2,-3,4,-3,4,2,-3,-1,4,-3,-1,-2,4}
12a_1027	3	{1,-2,-2,-2,-2,1,1,1,1,-2,-2,-2}
12a_1028	4	{1,1,1,-2,-2,-2,-3,1,-3,-2,3,-2,1}
12a_1029	4	{-1,2,-1,-2,3,3,3,3,-2,-2,-2,-2,3}
12a_1030	5	{1,-2,-3,4,4,4,4,-3,-2,3,4,-1,-1,-2}
12a_1031	4	{-1,-1,-1,2,3,-1,3,-1,-1,2,-3,2,-1}
12a_1032	5	{-1,2,-3,-4,3,-4,-3,2,-3,1,-3,1,-3,2}
12a_1033	5	{-1,2,-1,-2,3,4,-3,4,3,-2,-2,-2,-2,3}
12a_1034	6	{-1,2,-1,-2,3,-2,-3,4,5,5,4,-3,-2,4,-5}
12a_1035	5	{-1,2,-3,4,2,3,1,1,2,2,3,3,3,3,-2,4}
12a_1036	4	{-1,2,-3,2,2,1,1,1,1,1,2,-3,2}
12a_1037	6	{1,1,2,-1,2,2,3,-2,4,-3,2,4,3,3,5,-4,5}
12a_1038	5	{1,-2,1,2,2,3,-4,3,-2,3,3,-4,3,2}
12a_1039	5	{-1,-1,-1,2,-3,4,-1,2,-3,4,4,4}
12a_1040	6	{1,-2,-3,4,-5,1,2,-3,2,-5,-5,4,-5}
12a_1041	4	{-1,2,3,3,3,3,2,-1,2,-3,2,-1,2}
12a_1042	4	{-1,2,3,3,2,-1,-1,-1,2,-3,2,-1,2}
12a_1043	5	{-1,2,-3,2,-3,2,1,1,2,-3,-4,3,2,-4}
12a_1044	5	{-1,2,3,-4,3,-4,3,-2,3,1,-4,3,1,2}
12a_1045	5	{-1,2,3,-4,-1,2,-3,2,2,2,2,3,3,-4}
12a_1046	6	{-1,2,-3,4,5,-1,-2,-4,5,4,3,-2,3,3,4}
12a_1047	3	{1,-2,-2,-2,-2,1,1,-2,-2,1,1,-2}
12a_1048	4	{1,-2,-2,1,1,-2,-3,1,-3,-2,3,-2,1}
12a_1049	5	{-1,2,3,-1,3,-2,3,4,-2,-2,-2,-2,-3,4}
12a_1050	5	{1,-2,-3,4,-3,2,-3,2,4,3,1,-2,3,-2}
12a_1051	3	{1,-2,1,1,1,1,1,-2,-2,1,1,-2}
12a_1052	4	{1,-2,1,2,2,-3,-3,2,2,-3,2,-3,2}
12a_1053	4	{1,1,-2,-2,1,1,-2,3,-2,1,-2,-3,-3}
12a_1054	5	{-1,2,-1,-2,-3,-3,4,-3,2,-3,2,-3,2,3,4,-3}
12a_1055	6	{-1,-2,3,-2,3,3,4,-5,-3,-4,-2,-1,2,3,-4,5,4}
12a_1056	4	{-1,-1,2,2,-3,-1,2,-1,2,2,3,3,2}
12a_1057	6	{1,2,-3,2,3,-4,3,2,-4,-5,1,-4,-2,3,-4,5,-4}
12a_1058	6	{-1,-2,3,3,4,-5,-3,-4,-2,3,-2,-4,-1,5,4,2,3}
12a_1059	4	{-1,2,3,3,3,3,2,2,-1,2,-3,2,2}
12a_1060	4	{-1,-1,2,2,2,-3,-1,2,-1,2,2,3,3}
12a_1061	4	{-1,2,-1,-1,2,-3,2,-1,2,2,3,3,2}
12a_1062	5	{-1,2,3,-4,3,3,-2,3,-4,3,1,3,1,2}
12a_1063	5	{1,-2,3,-4,1,3,-4,3,3,2,-4,-4,-3,2}
12a_1064	4	{-1,2,3,-1,3,-1,2,-3,2,-1,2,2,2}
12a_1065	5	{1,-2,3,-2,3,-4,3,-2,4,1,-2,3,-2,4}
12a_1066	4	{1,-2,-3,1,2,2,-3,-3,2,2,2,-3,2}
12a_1067	5	{1,-2,3,3,-4,3,-2,4,1,-2,3,-2,4,3}
12a_1068	5	{1,-2,1,2,3,4,-3,4,3,-2,-2,3,3,-2,-2,-3}
12a_1069	6	{1,1,2,-1,2,2,-3,-2,1,4,-3,-2,4,3,-5,4,-5}
12a_1070	5	{-1,2,3,-4,-1,-2,3,-4,3,2,2,2,3,-4}
12a_1071	4	{-1,2,3,3,2,-1,2,-3,-1,2,2,2,-1}
12a_1072	4	{-1,-1,-1,-2,-2,3,-2,1,-2,3,-2,-1,3}
12a_1073	5	{-1,-2,3,3,-4,-2,1,1,2,-3,2,3,3,4,4,3}
12a_1074	5	{-1,2,3,-4,-1,3,-2,3,-4,3,2,2,2,3}
12a_1075	5	{-1,-2,-2,-3,4,3,-2,-2,3,1,3,1,2,-3,2,4}
12a_1076	5	{-1,2,3,-4,-1,-2,3,-4,-4,3,2,2,3,-4}
12a_1077	5	{1,-2,-3,4,-3,4,2,-3,-1,-3,4,-1,-3,-2}
12a_1078	4	{-1,2,3,3,2,-1,-1,2,-1,2,-3,2,-1}
12a_1079	4	{-1,2,3,3,2,-1,2,-1,2,2,-3,2,-1}
12a_1080	5	{-1,2,3,-1,3,-2,3,-4,3,3,2,2,3,-4}
12a_1081	5	{-1,2,3,-4,-1,2,-4,-3,2,3,-4,3,-4,3}
12a_1082	5	{-1,2,3,-1,3,3,2,2,2,-3,2,-4,3,-4}
12a_1083	4	{-1,2,3,-1,3,2,2,2,-1,-3,-1,2,-1}
12a_1084	5	{1,-2,-3,1,2,2,2,-3,2,-4,2,2,3,-4}
12a_1085	6	{1,1,2,-1,2,-3,2,2,-4,-4,-3,-2,5,-4,3,5,4}
12a_1086	5	{1,-2,1,2,-3,-4,2,-4,-3,-3,2,-3,4,-3}
12a_1087	5	{1,-2,-3,1,2,2,-3,-3,2,-3,2,-4,3,-4}
12a_1088	5	{1,-2,1,2,3,-4,-4,3,-2,-2,-3,-4,2,2,3,-4}
12a_1089	5	{-1,2,3,-1,3,3,2,-3,2,-4,2,2,3,-4}
12a_1090	6	{1,2,2,3,-4,-3,2,-3,2,-4,5,1,-2,4,-3,4,-5}
12a_1091	4	{-1,2,3,-1,3,2,-1,-1,2,2,-3,2,-1}
12a_1092	5	{1,-2,1,2,3,-4,3,-4,3,-2,-2,-3,2,-4,2,3}
12a_1093	5	{1,-2,-3,4,1,-2,4,3,-2,-3,4,4,-3,4}
12a_1094	6	{-1,2,3,-1,3,3,-2,3,-2,4,5,-3,-4,5,4}
12a_1095	5	{1,-2,3,-4,1,-4,3,-4,3,2,-3,2,-4,-4}
12a_1096	5	{1,-2,-3,1,-3,4,2,-3,4,-3,-2,-2,-3,4}
12a_1097	6	{1,1,2,-1,2,-3,-2,1,4,-3,4,3,2,2,3,4,5,-4,5}
12a_1098	5	{-1,2,3,-4,3,-2,3,-4,3,2,1,1,2,-3,2,3}
12a_1099	4	{1,-2,-2,-2,1,-2,3,-2,1,-2,-2,-3,-3}
12a_1100	4	{1,1,-2,1,1,-2,3,-2,1,-2,-3,-3,-2}
12a_1101	4	{1,-2,-2,1,-2,-2,3,-2,1,-2,-3,-3,-2}
12a_1102	5	{-1,2,-3,4,-3,2,-1,2,-3,2,4,-3}
12a_1103	5	{-1,2,-1,-2,-3,4,-2,-3,2,-3,4,-3,-3,-2,4,3}
12a_1104	5	{1,-2,3,-4,1,2,-3,-3,2,-3,-3,2,-3,-4}
12a_1105	5	{-1,2,-3,4,2,-1,2,-3,2,-3,4,-3}
12a_1106	6	{1,2,-3,4,-3,2,1,-3,4,-3,5,4,-2,-3,4,3,-5}
12a_1107	4	{1,-2,1,2,-3,-3,-3,2,-3,-3,2,-3,-3}
12a_1108	5	{1,-2,1,2,-3,-4,3,2,-4,-3,-3,2,-3,-3}
12a_1109	4	{-1,2,2,-1,2,2,3,-1,3,2,-1,2,-3}
12a_1110	5	{-1,2,3,-4,3,-4,-2,3,2,-4,1,1,2,-3,2,3}
12a_1111	4	{-1,2,3,-1,3,-1,2,-1,2,-3,-1,2,-1}
12a_1112	5	{-1,2,-3,4,2,3,1,3,1,3,3,2,-3,2,3,4}
12a_1113	6	{1,1,2,-1,-3,-2,-4,3,2,2,5,4,4,3,3,4,5}
12a_1114	3	{1,-2,-2,-2,-2,-2,1,-2,-2,1,-2,-2}
12a_1115	4	{-1,2,-1,-2,-2,-2,3,-2,-2,3,-2,-2,3}
12a_1116	4	{1,-2,-2,-3,1,-3,-2,-2,-2,3,1,-2,-2}
12a_1117	6	{1,-2,3,4,1,2,4,2,-3,4,5,2,-3,-4,5}
12a_1118	5	{-1,2,-3,-1,-3,4,-3,-3,4,-3,-2,3,-2,4}
12a_1119	4	{-1,2,3,-1,3,-1,-1,2,-3,2,-1,2,2}
12a_1120	3	{1,-2,-2,-2,-2,-2,1,-2,1,1,-2,1}
12a_1121	4	{-1,2,-1,-2,-2,-2,3,-2,3,3,-2,3,3}
12a_1122	5	{1,2,-1,2,-3,4,2,-3,1,-3,2,-3,4,-3}
12a_1123	5	{-1,2,-1,-2,-3,4,-2,4,3,2,-3,2,-3,4,-3,4}
12a_1124	7	{-1,2,3,-4,5,6,-1,-2,3,-4,-5,-2,-3,4,6,5}
12a_1125	5	{-1,2,2,2,2,1,1,2,-3,-4,2,3,-4,-3}
12a_1126	6	{-1,-2,3,4,5,5,4,-5,4,3,-4,-2,-1,2,3}
12a_1127	7	{-1,2,3,-4,5,6,-1,-2,3,-2,-5,6,-4,5}
12a_1128	3	{1,-2,-2,-2,-2,-2,-2,1,1,1,1,-2}
12a_1129	4	{1,1,1,-2,-3,1,-3,-2,3,-2,-2,-2,1}
12a_1130	4	{1,1,1,-2,-3,1,-3,-2,-2,-2,3,-2,1}
12a_1131	4	{-1,-1,-1,-1,-1,2,3,-1,3,2,-3,2,-1}
12a_1132	5	{1,-2,1,2,-3,2,-3,-3,-3,-4,-4,-3,2,4}
12a_1133	5	{1,-2,3,4,-3,4,3,-2,3,-1,-1,-2,-2,-2}
12a_1134	3	{1,-2,1,1,1,1,1,1,1,-2,-2,-2}
12a_1135	4	{-1,-1,-1,2,3,3,2,-3,2,2,2,-1,2}
12a_1136	4	{-1,-1,-1,2,3,3,2,2,2,-3,2,-1,2}
12a_1137	5	{-1,2,3,-4,2,-4,-4,3,-4,3,2,-3,1,-3,1,2}
12a_1138	5	{1,-2,-3,4,4,4,4,-3,2,-3,4,-1,-1,-2}
12a_1139	6	{-1,-2,-3,4,5,-3,5,4,-5,4,-3,-2,-1,2,3}
12a_1140	5	{-1,2,3,-4,-4,-4,3,-4,3,-2,3,1,1,2}
12a_1141	5	{1,-2,3,-4,1,2,-3,2,2,2,2,-3,-3,-4}
12a_1142	5	{1,-2,-3,4,2,3,-4,3,3,3,-2,3,-1,-4,-1,-2}
12a_1143	6	{1,-2,-3,4,5,1,-2,-4,5,4,3,-2,-3,-3,4}
12a_1144	6	{1,-2,1,2,-3,2,-3,-4,3,-4,5,-4,3,-4,-3,-5,2}
12a_1145	4	{1,-2,-3,1,-3,-3,2,2,2,2,2,-3,2}
12a_1146	5	{-1,2,-3,-4,2,-4,-4,3,-4,3,2,1,1,2}
12a_1147	4	{-1,-1,-1,2,2,2,3,-1,3,2,2,2,-3}
12a_1148	5	{1,-2,3,-4,1,3,3,3,-4,2,-4,-4,-3,2}
12a_1149	6	{1,-2,3,-4,-5,1,3,-5,2,-5,4,-5,4,-3,2}
12a_1150	5	{1,-2,-3,1,-3,-3,2,2,2,-3,2,-4,3,-4}
12a_1151	6	{1,-2,-3,1,-3,-3,-2,3,-2,4,5,-3,-4,5,4}
12a_1152	5	{-1,2,-3,4,2,-3,-1,2,-3,2,4,-3}
12a_1153	5	{-1,2,3,-1,-2,3,2,-4,2,2,2,2,3,-4}
12a_1154	6	{1,2,3,-4,-3,2,-3,2,-4,5,4,-3,4,-5,2,1,-2}
12a_1155	5	{-1,-2,3,3,-4,-2,3,1,1,-2,3,4,4,3,2,2}
12a_1156	5	{-1,2,3,-1,2,2,2,3,-4,3,-2,3,3,-4}
12a_1157	4	{-1,2,3,-1,3,3,3,3,3,3,-2,3,-2}
12a_1158	5	{-1,2,2,2,-3,-4,2,3,-4,-3,2,1,1,2}
12a_1159	5	{-1,2,-3,-4,2,3,-4,-3,2,1,1,2,2,2}
12a_1160	6	{1,1,2,-1,2,2,3,-2,-2,-4,3,2,-4,-5,4,3,-5}
12a_1161	6	{-1,-2,3,-4,5,3,5,4,-5,4,3,-2,-1,2,3}
12a_1162	5	{1,-2,-3,-4,1,3,-4,2,2,2,2,2,-3,2}
12a_1163	6	{-1,-2,3,4,5,5,4,-5,4,-3,4,-2,-1,2,3}
12a_1164	5	{-1,2,3,4,-1,4,4,-3,4,-2,4,4,3,-2}
12a_1165	6	{1,-2,3,-4,-5,1,3,3,3,4,-5,-4,2,-3,2}
12a_1166	7	{1,-2,3,-4,-5,-6,1,3,5,-6,2,4,-5,4,-3,2}
12a_1167	5	{-1,2,-3,4,-1,-2,-2,3,-2,3,-2,3,3,4}
12a_1168	3	{1,-2,1,1,-2,-2,-2,1,1,-2,-2,-2}
12a_1169	4	{-1,2,3,-1,3,-2,3,-2,-2,-2,3,3,-2}
12a_1170	4	{-1,2,-1,-2,3,-2,3,3,-2,-2,-2,3,3}
12a_1171	5	{-1,2,-1,-2,3,-2,3,-4,-3,4,-3,-2,3,4,3,3}
12a_1172	4	{1,1,-2,1,1,-2,-2,3,-2,1,-2,-3,-3}
12a_1173	6	{1,2,-3,2,3,3,-4,-5,3,-4,2,1,-2,3,-4,5,-4}
12a_1174	4	{1,-2,1,2,-3,2,2,-3,2,2,-3,-3,-3}
12a_1175	4	{-1,2,2,3,-1,3,-1,2,-1,2,-3,2,2}
12a_1176	3	{1,-2,1,1,-2,-2,-2,-2,-2,1,1,-2}
12a_1177	4	{-1,2,-1,-2,-2,3,3,-2,3,-2,3,3,-2}
12a_1178	4	{1,1,-2,-2,-2,3,1,1,-2,1,-2,-3,-3}
12a_1179	5	{-1,2,-3,4,-1,4,-3,4,-3,-2,4,4,3,-2}
12a_1180	4	{1,-2,1,2,-3,2,2,-3,-3,-3,2,2,-3}
12a_1181	5	{1,-2,1,2,-3,-4,2,2,3,-4,-3,2,2,-3}
12a_1182	4	{-1,-1,-1,2,2,3,3,2,-1,2,-3,2,2}
12a_1183	5	{-1,2,2,3,-4,-3,2,2,1,1,2,-3,2,-4}
12a_1184	4	{-1,2,-1,2,-3,2,-1,2,2,2,2,3,3}
12a_1185	5	{1,-2,-3,4,1,-3,4,2,2,3,-4,3,-2,-3,2,4}
12a_1186	4	{-1,2,-1,2,-3,2,-1,2,2,3,3,2,2}
12a_1187	4	{1,-2,-3,1,-3,-2,-2,1,-2,3,-2,1,-2}
12a_1188	5	{1,2,-3,4,-3,4,-2,1,-2,1,-3,-2,4,-3}
12a_1189	5	{-1,-2,3,-2,3,-2,-4,3,1,3,1,2,-3,2,4,4}
12a_1190	5	{-1,2,3,-4,-1,2,2,3,-4,3,-2,3,-4,3}
12a_1191	3	{1,-2,-2,1,-2,1,-2,1,-2,-2,-2,-2}
12a_1192	4	{1,-2,1,-2,-2,-3,1,-3,-2,3,-2,1,-2}
12a_1193	4	{1,-2,1,-2,1,-2,3,-2,1,-2,-3,-3,-2}
12a_1194	4	{1,-2,1,2,-3,-3,2,-3,2,-3,2,-3,-3}
12a_1195	5	{1,-2,-3,1,2,2,-3,2,-3,-4,2,2,3,-4}
12a_1196	4	{-1,2,3,-1,3,2,-1,2,-3,-1,2,-1,2}
12a_1197	4	{-1,-1,-1,2,3,3,2,-1,2,-3,2,-1,2}
12a_1198	5	{-1,2,-1,-2,3,-2,3,4,4,3,-2,3,-4,3}
12a_1199	3	{1,-2,-2,1,-2,1,1,1,-2,1,-2,-2}
12a_1200	4	{1,-2,-3,1,2,-3,-3,2,-3,-3,2,-3,2}
