12a_0001	5	{-1,2,-1,2,3,3,-4,-4,3,3,-4,-2,-2,-3}
12a_0002	5	{-1,2,-1,2,3,-4,3,3,3,-4,3,-2,-2,-3}
12a_0003	6	{-1,2,-1,2,3,-4,-5,3,4,-5,4,3,-2,-2,-3}
12a_0004	5	{-1,2,-1,2,-3,-3,2,2,-3,4,-3,4}
12a_0005	6	{-1,2,-1,2,3,3,4,-5,2,2,-3,4,-5}
12a_0006	5	{-1,2,-1,2,-3,-3,4,2,2,-3,4,4}
12a_0007	5	{-1,2,-1,2,3,-4,3,-4,3,-2,-2,-3,-4,-4}
12a_0008	5	{-1,2,-1,2,-3,4,2,2,-3,-3,-3,4}
12a_0009	6	{-1,2,-1,2,-3,-4,5,3,-4,2,5,2,-3}
12a_0010	6	{-1,2,-1,2,3,4,4,5,3,-4,-2,5,-2,-3,5}
12a_0011	5	{-1,2,-1,2,3,-4,-4,3,-4,-2,-4,-2,-4,-3}
12a_0012	6	{-1,2,-1,-2,-3,-3,-2,-2,3,4,-5,-3,4,-5,4}
12a_0013	5	{-1,2,-1,2,3,-4,3,3,-4,3,-4,-2,-2,-3}
12a_0014	5	{-1,2,-1,2,3,-4,3,-4,3,-4,-2,-4,-2,-3}
12a_0015	5	{-1,2,-1,2,3,-4,3,3,-4,3,-2,-2,-3,-4}
12a_0016	5	{-1,2,-1,2,-3,4,-3,4,-3,2,2,-3}
12a_0017	5	{-1,2,-1,2,-3,4,4,-3,4,2,2,-3}
12a_0018	5	{-1,2,-1,2,3,3,3,-4,3,-4,3,-2,-2,-3}
12a_0019	5	{-1,2,-1,2,3,-4,3,-4,-4,-4,3,-2,-2,-3}
12a_0020	5	{-1,2,-1,2,3,3,3,-4,-4,3,-4,-2,-2,-3}
12a_0021	5	{-1,2,-1,2,3,3,4,4,3,3,-4,2,2,-3}
12a_0022	6	{-1,2,-1,2,3,-4,-5,3,4,-5,-4,3,-2,-2,-3}
12a_0023	6	{-1,2,3,-4,-5,-2,-4,1,3,-4,3,5,-4,-2,1,3,-2}
12a_0024	5	{-1,2,-1,2,-3,4,2,2,-3,4,4,4}
12a_0025	6	{-1,2,-1,2,3,4,-5,-3,4,-5,4,3,-2,-2,-3}
12a_0026	5	{-1,2,-1,2,3,-4,-4,-4,-4,3,-4,-2,-2,-3}
12a_0027	6	{-1,2,-1,2,3,-4,-5,4,-5,-4,3,-4,-2,-2,-3}
12a_0028	6	{-1,2,-1,2,3,-4,5,3,-4,2,5,2,-3}
12a_0029	5	{-1,2,-1,2,-3,-4,-4,-3,2,2,-3,4,-3,-4}
12a_0030	5	{-1,2,-1,2,3,-4,-4,3,3,3,-4,-2,-2,-3}
12a_0031	6	{-1,2,-1,2,-3,4,5,2,2,-3,-4,5,4}
12a_0032	6	{-1,2,-1,2,3,4,-5,-5,4,3,-4,-5,-2,-2,-3}
12a_0033	5	{-1,2,-1,2,3,3,3,-4,-4,3,-2,-2,-3,-4}
12a_0034	4	{-1,2,-1,2,3,3,3,3,3,3,2,2,-3}
12a_0035	5	{-1,2,-1,2,3,3,3,4,-3,4,3,2,2,-3}
12a_0036	5	{-1,2,-1,2,3,4,4,3,3,3,4,2,2,-3}
12a_0037	5	{-1,2,-1,2,3,4,-3,4,4,4,3,2,2,-3}
12a_0038	6	{-1,2,-1,2,3,4,5,-3,-4,5,4,3,2,2,-3}
12a_0039	5	{1,-2,-2,3,-4,1,1,-2,-2,3,-2,-4}
12a_0040	5	{1,-2,-2,-3,4,1,4,1,-3,2,2,3,4,-2}
12a_0041	4	{-1,-1,-1,-2,-2,1,-2,3,-2,-2,-1,3,3}
12a_0042	5	{-1,2,-1,-2,-3,-3,4,4,-3,-3,4,-2,-2,3}
12a_0043	5	{-1,2,2,3,1,3,4,1,2,2,-3,2,4,4}
12a_0044	6	{1,2,2,-3,1,-3,4,-2,4,5,1,3,5,-4,5}
12a_0045	5	{1,2,2,3,-4,1,-4,1,-2,-3,-3,-4,-4,-4}
12a_0046	6	{-1,2,-1,-2,-3,-3,-4,5,-2,5,-2,3,4,4,5}
12a_0047	6	{1,-2,3,1,3,4,-2,4,5,3,5,-4,5}
12a_0048	5	{1,-2,-2,3,-4,1,1,-2,3,-2,3,-4}
12a_0049	5	{1,-2,-2,-3,-4,1,-4,1,-3,-2,-2,3,-4,3,-2,4}
12a_0050	5	{1,2,2,3,-4,1,-4,1,-2,-4,-4,-3,-3,-4}
12a_0051	6	{-1,-2,-3,-3,4,-2,4,5,3,5,-2,-1,-4,5,2}
12a_0052	4	{1,2,2,3,1,3,1,1,1,1,-2,3,1}
12a_0053	5	{1,2,2,3,1,3,1,3,4,-3,-2,4,3,3}
12a_0054	6	{-1,2,-3,-4,-1,2,-3,-1,4,-3,5,4,4,5,5}
12a_0055	5	{1,2,2,3,4,1,4,1,4,-3,-2,4,3,3}
12a_0056	6	{1,-2,1,2,3,4,4,5,3,-4,2,5,2,-3,5}
12a_0057	6	{1,-2,-3,1,-3,-4,-2,-4,5,3,5,-4,5}
12a_0058	5	{-1,2,2,-3,4,-1,4,-1,2,-3,-3,4}
12a_0059	5	{1,-2,1,-2,3,3,2,2,-3,4,-3,-3,4,4}
12a_0060	5	{-1,2,-1,2,3,3,4,-2,4,-2,-3,-3,4,-3}
12a_0061	5	{1,-2,-2,3,1,3,1,3,-4,-2,3,-4}
12a_0062	6	{-1,2,3,-4,-1,-4,5,3,5,2,-4,5,-3}
12a_0063	5	{1,-2,1,-2,3,3,4,2,4,2,-3,-3,4,-3}
12a_0064	6	{1,1,-2,-3,1,-3,4,2,4,5,2,3,5,-4,5}
12a_0065	5	{1,2,2,3,-4,1,-4,1,-2,-4,-3,-3,-4,-4}
12a_0066	5	{1,-2,-2,3,4,1,1,2,-3,2,-3,4,-3,-3}
12a_0067	5	{-1,2,-1,2,3,3,4,-2,-2,-3,-3,-3,4,-3}
12a_0068	6	{-1,2,-3,-1,2,-3,2,4,5,-3,-4,5,-4}
12a_0069	5	{-1,2,-1,2,3,-4,3,-4,3,-2,-2,-3,-3,-3}
12a_0070	5	{-1,2,-1,2,3,-4,-4,3,-4,-2,-2,-3,-3,-3}
12a_0071	5	{-1,2,-3,-1,2,2,2,-3,2,4,-3,4}
12a_0072	6	{-1,2,3,-4,-1,3,-4,2,5,2,3,-4,-2,-3,5}
12a_0073	6	{-1,2,-1,2,3,-4,5,3,2,2,-3,4,-3,-4,5}
12a_0074	5	{-1,2,3,-1,3,-4,-4,3,-2,-2,3,-4,-2,-3}
12a_0075	5	{-1,2,-1,2,3,3,3,4,4,3,2,2,-3,4,-3,-4}
12a_0076	6	{1,2,3,-4,-5,3,-4,-2,3,-4,5,4,4,3,2,1,-2}
12a_0077	5	{1,-2,-2,1,1,-2,3,-4,-2,3,-4,3}
12a_0078	4	{-1,-2,-2,1,-2,3,-2,-2,3,3,-2,-2,-1}
12a_0079	5	{1,-2,-2,1,1,-2,3,-2,3,-4,3,-2,3,4}
12a_0080	5	{1,2,2,1,1,-2,-3,4,2,-3,-3,-3,4,-3}
12a_0081	6	{1,2,-3,4,4,5,5,-4,-3,4,-2,5,1,-2,-3}
12a_0082	5	{-1,2,2,1,1,2,3,3,4,2,-3,2,4,4}
12a_0083	6	{1,-2,3,4,1,4,5,3,5,-2,-4,5,3}
12a_0084	5	{1,-2,-2,1,1,-2,3,-4,-2,-4,3,-4}
12a_0085	4	{-1,-2,-2,-2,-2,1,-2,3,-2,-2,-1,3,3}
12a_0086	5	{1,-2,-2,1,1,-2,3,-2,-3,-3,-4,3,-4,-3}
12a_0087	5	{1,-2,-2,1,1,-2,3,-4,-2,3,-2,-4}
12a_0088	5	{1,2,2,1,1,-2,-3,4,-3,2,-3,4,-3,4}
12a_0089	5	{1,-2,-2,-3,4,-3,1,4,1,-2,-3,-3,-2,-4,3,-2}
12a_0090	5	{1,-2,-2,-3,1,-3,4,1,2,-3,2,4,4,3}
12a_0091	5	{1,2,2,1,1,-2,-3,4,-3,4,2,-3,4,4}
12a_0092	5	{1,2,2,3,-4,1,-4,1,-2,-3,-3,-3,-3,-4}
12a_0093	4	{1,1,1,2,2,3,1,3,1,1,-2,3,1}
12a_0094	5	{1,2,2,3,1,3,1,3,-2,3,4,-3,4,3}
12a_0095	6	{1,-2,3,4,-2,4,1,5,-2,5,3,-4,5}
12a_0096	5	{1,2,2,3,4,-3,1,4,1,-2,3,3,3,3}
12a_0097	6	{1,2,3,4,4,5,3,5,2,-4,5,-3,2,1,-2}
12a_0098	5	{1,-2,-2,3,1,1,-2,3,-4,3,-4,3}
12a_0099	5	{1,-2,-2,3,-4,1,1,-2,3,-4,-4,3}
12a_0100	6	{-1,2,2,-3,-4,-5,-3,4,2,1,-5,2,-3,4,-3,2,-4}
12a_0101	5	{1,2,2,1,1,-2,-3,4,-3,2,-3,-3,4,-3}
12a_0102	5	{1,2,2,3,1,3,-4,1,3,-2,3,4,4,3}
12a_0103	6	{-1,2,-3,4,-1,4,5,3,5,2,-3,-4,5,2,-3}
12a_0104	5	{1,-2,-2,-3,4,-1,4,-1,-3,-2,-2,3,4,-2}
12a_0105	5	{1,2,2,1,1,-2,-3,4,2,4,-3,4,4,4}
12a_0106	6	{1,-2,1,2,3,3,2,2,-3,-4,5,3,5,-4,5}
12a_0107	5	{1,2,2,3,-4,3,1,3,1,-2,3,4,4,3}
12a_0108	5	{1,2,2,1,1,-2,-3,4,2,-3,-3,4,-3,4}
12a_0109	6	{-1,-2,3,4,-2,4,-1,5,2,5,-3,-3,-3,-4,5}
12a_0110	6	{1,-2,3,4,1,-2,1,4,5,3,5,-4,5}
12a_0111	5	{1,2,2,1,1,-2,-3,4,2,-3,4,-3,4,4}
12a_0112	5	{1,-2,-2,3,-4,1,1,-2,3,-4,-4,-4}
12a_0113	5	{1,-2,-2,3,1,3,4,1,2,-3,2,4,-3,-2}
12a_0114	6	{-1,2,3,4,-1,4,5,3,5,3,4,2,-3,-4,5}
12a_0115	5	{1,2,2,1,1,-2,-3,4,-3,-3,2,-3,4,-3}
12a_0116	5	{1,-2,-2,-3,1,1,2,3,-4,-2,-2,3,-2,-4}
12a_0117	6	{1,-2,-3,1,2,2,-3,4,2,4,5,3,5,-4,5}
12a_0118	6	{-1,2,-3,-4,-1,2,-4,5,5,-4,-3,4,5}
12a_0119	5	{1,-2,-2,3,1,3,4,1,2,-3,-2,4,4,3}
12a_0120	5	{1,2,2,1,1,-2,-3,4,-3,-3,4,2,-3,4}
12a_0121	6	{-1,-2,3,-4,-2,-4,-1,5,2,5,3,-4,5}
12a_0122	5	{1,-2,-2,3,-4,1,1,-2,-2,-2,3,-4}
12a_0123	5	{-1,2,-3,-1,-3,2,-3,4,-3,-3,-3,4}
12a_0124	6	{-1,2,-3,-1,-3,2,-3,4,5,-3,-4,5,-4}
12a_0125	7	{-1,2,3,-1,3,4,-5,6,2,-3,-4,-4,-5,6}
12a_0126	5	{-1,2,-3,-1,-3,4,2,4,-3,4,-3,4}
12a_0127	6	{-1,2,3,-1,3,4,2,4,4,-5,-3,4,-5}
12a_0128	7	{-1,2,3,-1,3,4,5,-6,2,-3,-4,5,4,-6}
12a_0129	5	{-1,2,-3,-1,-3,4,2,4,4,-3,4,4}
12a_0130	6	{1,-2,1,2,-3,-3,4,-5,2,2,-3,4,-5}
12a_0131	5	{-1,2,-1,2,-3,4,-3,-3,4,-3,4,-2,-2,3}
12a_0132	5	{-1,2,-1,2,-3,4,-3,4,-3,4,-2,4,-2,3}
12a_0133	5	{-1,2,-3,-1,-3,4,2,-3,4,-3,-3,4}
12a_0134	5	{-1,2,-1,2,-3,-3,-4,-2,-2,3,3,3,-4,3}
12a_0135	6	{-1,2,-1,2,-3,-3,-2,-2,3,-4,-5,3,4,-5,4}
12a_0136	5	{-1,2,-3,-1,2,-3,2,4,-3,-3,-3,4}
12a_0137	5	{-1,2,-3,-1,2,-3,2,-3,-3,4,-3,4}
12a_0138	5	{-1,2,-3,-1,2,-3,2,4,-3,4,4,4}
12a_0139	5	{-1,2,-3,-1,2,-3,2,4,4,-3,4,-3}
12a_0140	6	{-1,2,-3,-1,2,-3,2,4,5,-3,-4,5,4}
12a_0141	5	{1,2,2,1,1,-2,-3,2,-3,-3,4,-3,4,-3}
12a_0142	5	{1,2,2,1,1,-2,-3,4,2,4,4,-3,4,-3}
12a_0143	4	{1,1,1,1,1,2,2,3,1,3,-2,3,1}
12a_0144	5	{1,2,2,3,1,1,-2,3,3,3,4,-3,4,3}
12a_0145	5	{1,2,2,3,1,1,-2,3,4,4,4,-3,4,3}
12a_0146	3	{1,-2,-2,1,1,-2,-2,-2,-2,-2,-2,-2}
12a_0147	4	{-1,-2,-2,3,3,-2,-2,-2,-2,-2,-1,2,3}
12a_0148	4	{-1,-1,-1,-2,-2,3,3,-2,-2,-2,-1,2,3}
12a_0149	5	{1,2,2,1,1,-2,-3,2,-3,4,-3,4,4,-3}
12a_0150	5	{1,-2,-2,3,1,1,-2,-3,-4,-3,-4,-3,-2,3,-2,4}
12a_0151	6	{1,2,-3,4,4,5,5,-4,-3,4,2,5,1,-2,-3}
12a_0152	6	{1,2,3,4,4,5,3,5,-4,5,3,2,1,-2,-3}
12a_0153	5	{1,-2,-2,1,1,-2,-2,-2,-3,-4,2,3,-4,-3}
12a_0154	6	{-1,-2,3,4,2,4,2,5,3,-1,5,2,-4,5,3}
12a_0155	6	{-1,2,2,-3,4,-3,4,-5,-4,3,2,1,-4,5,2,-3,2}
12a_0156	6	{1,1,2,-1,2,3,-2,-2,-4,3,2,5,4,4,3,5,5}
12a_0157	5	{1,2,2,1,1,-2,-3,4,-3,4,2,-3,-3,-3}
12a_0158	5	{1,2,2,1,1,-2,-3,4,2,4,4,4,-3,4}
12a_0159	6	{1,2,-3,4,2,4,5,5,-4,-3,2,4,1,5,-2}
12a_0160	4	{-1,-1,-1,-1,-1,-2,-2,3,3,-2,-1,2,3}
12a_0161	5	{1,-2,-2,1,1,-2,-3,2,-3,-3,-4,3,-4,-3}
12a_0162	6	{-1,2,2,3,-2,-1,3,4,2,4,5,3,5,-4,5}
12a_0163	6	{1,2,-3,2,-3,1,-3,4,-2,4,5,3,5,-4,5}
12a_0164	5	{1,2,2,1,1,-2,-3,4,2,4,-3,-3,-3,4}
12a_0165	6	{1,-2,-3,4,1,4,5,5,-4,-3,4,-2,1,5,3}
12a_0166	5	{1,2,2,1,1,-2,-3,-3,-3,4,2,4,-3,4}
12a_0167	4	{-1,-1,2,3,-1,-1,-1,-2,-2,3,3,-2,-1}
12a_0168	5	{-1,2,-1,-2,-3,4,4,-3,-3,-3,4,-2,-2,3}
12a_0169	6	{-1,2,-1,-2,-3,-4,5,5,-4,-3,4,5,-2,-2,3}
12a_0170	6	{-1,2,3,-1,3,4,2,-3,4,-5,4,-5,4}
12a_0171	6	{-1,2,3,-1,3,4,-5,2,-3,4,-5,-5,4}
12a_0172	5	{-1,2,-3,-1,-3,2,-3,-3,-3,4,-3,4}
12a_0173	5	{-1,2,-3,-1,-3,2,-3,4,-3,4,4,4}
12a_0174	5	{-1,2,-3,-1,-3,2,-3,4,4,-3,4,-3}
12a_0175	6	{-1,2,-3,4,-1,4,3,-4,5,-4,2,-4,-3,-5,-5}
12a_0176	6	{-1,2,-3,-1,-3,2,-3,4,5,-3,-4,5,4}
12a_0177	6	{-1,2,-3,-1,-3,2,-3,4,-3,4,-5,-4,3,-4,5}
12a_0178	6	{-1,2,3,-1,3,4,-5,2,-3,4,-5,-5,-5}
12a_0179	5	{-1,2,-3,-1,-3,4,2,-3,4,4,4,4}
12a_0180	6	{-1,2,-3,-1,-3,4,2,-3,4,5,-4,5,4}
12a_0181	7	{-1,2,3,-1,-2,3,2,-4,5,-6,3,-4,5,-6}
12a_0182	5	{-1,2,-1,2,-3,4,4,-3,-3,-3,4,-2,-2,3}
12a_0183	7	{-1,2,3,-1,3,4,-5,2,-3,4,-5,-6,5,-6}
12a_0184	5	{-1,2,-3,-1,2,2,-3,2,-3,4,-3,4}
12a_0185	5	{-1,2,-3,-1,2,2,-3,4,2,-3,4,4}
12a_0186	5	{-1,2,-1,2,-3,-3,-3,-3,-2,-2,3,-4,3,-4}
12a_0187	6	{-1,2,3,-4,-1,3,-4,-2,3,-2,-4,-5,4,-3,-5}
12a_0188	5	{-1,2,-1,2,-3,-3,-2,-2,3,-4,3,3,3,-4}
12a_0189	5	{-1,2,-1,2,-3,-3,-2,-2,3,3,3,-4,3,-4}
12a_0190	5	{-1,2,-1,2,-3,-3,-2,-2,3,-4,3,-4,-4,-4}
12a_0191	5	{-1,2,-1,2,-3,-3,-2,-2,3,-4,-4,3,-4,3}
12a_0192	6	{-1,2,-1,2,-3,-3,-2,-2,3,-4,-5,3,4,-5,-4}
12a_0193	5	{-1,2,-3,4,-1,2,-3,-3,-3,-3,-3,4}
12a_0194	6	{-1,2,3,-1,-2,3,2,-4,3,-4,-4,-5,4,-5,-4}
12a_0195	5	{-1,2,3,-1,-2,3,2,-4,-4,-4,3,-4,-4,-4}
12a_0196	6	{-1,2,-3,-4,5,-1,3,-4,2,-4,-4,5,-3}
12a_0197	7	{-1,2,-3,4,-5,6,-1,2,-3,-5,6,-4,5,-4}
12a_0198	6	{-1,2,-3,4,-1,2,4,-3,2,4,-5,4,-5,-3,-4}
12a_0199	5	{-1,2,-1,2,-3,4,-3,2,2,3,4,4,-3,4,4,3}
12a_0200	5	{-1,2,3,-1,3,-4,3,-2,-2,-2,3,-2,-4,-3}
12a_0201	6	{-1,2,3,-1,3,4,-5,-4,3,-2,3,-2,-4,-3,-5}
12a_0202	5	{-1,2,-1,2,3,3,-4,-2,3,-2,3,-2,-4,-3}
12a_0203	5	{-1,2,-3,4,-1,-3,-3,-3,4,2,-3,2}
12a_0204	6	{-1,2,-3,4,5,-1,-3,-4,5,-4,2,-3,2}
12a_0205	4	{-1,2,-1,2,2,2,3,3,3,3,2,2,-3}
12a_0206	5	{1,-2,1,2,3,3,3,-4,3,-4,3,2,2,-3}
12a_0207	5	{-1,2,-3,-1,2,-3,-4,-3,2,2,2,-3,2,4}
12a_0208	6	{-1,2,3,-4,-1,3,-4,-5,-4,3,-4,-2,5,3,2}
12a_0209	5	{-1,2,-3,-1,2,-3,4,-3,2,-3,2,4}
12a_0210	5	{-1,2,2,3,1,3,4,1,4,3,3,-4,-2,-2,-3,2}
12a_0211	4	{-1,2,2,-1,-1,-1,2,-3,2,2,-1,3,3}
12a_0212	5	{-1,2,-1,-2,3,3,4,-2,4,-2,3,3,-4,3}
12a_0213	5	{-1,2,-3,4,-1,-3,4,2,-3,2,4,4}
12a_0214	5	{-1,2,-3,4,-1,-3,-3,4,2,-3,2,4}
12a_0215	5	{-1,2,-1,2,3,-4,3,-4,3,-2,-2,-2,-2,-3}
12a_0216	5	{-1,2,-1,2,-3,4,2,2,2,2,-3,4}
12a_0217	5	{-1,2,-1,2,-3,-4,-2,-4,3,3,-2,3,-4,3}
12a_0218	6	{-1,2,-1,2,-3,-4,5,2,3,-2,3,2,-4,3,5}
12a_0219	5	{-1,2,-1,2,3,-4,-4,3,-4,-2,-2,-2,-2,-3}
12a_0220	5	{-1,2,-3,4,-1,-3,4,2,2,2,-3,2}
12a_0221	6	{1,-2,3,4,-5,1,-3,4,-5,4,-2,3,-2}
12a_0222	5	{-1,2,-3,4,-1,2,-3,2,-3,4,-3,2}
12a_0223	6	{-1,2,-3,-4,-5,-1,-2,3,-4,3,-4,5,-4,3,-2,3,4}
12a_0224	5	{-1,2,-3,4,-1,2,2,-3,4,2,-3,2}
12a_0225	5	{-1,2,-1,2,-3,-4,-2,-4,3,-2,3,-4,-2,3}
12a_0226	5	{-1,2,2,1,1,2,2,2,3,-4,-2,3,-4,3}
12a_0227	5	{-1,2,-1,2,3,3,-4,3,-2,3,4,4,3,2}
12a_0228	5	{-1,2,-3,4,-1,-3,2,-3,-3,4,-3,2}
12a_0229	6	{-1,2,3,-4,-1,3,-4,-5,-4,3,-4,2,5,-3,2}
12a_0230	6	{-1,2,-3,4,-5,-1,-3,4,-5,-4,2,-3,2,-4,-4}
12a_0231	5	{-1,2,-1,2,2,2,3,4,4,3,2,2,-3,4,-3,-4}
12a_0232	5	{-1,2,2,-3,4,1,4,1,-2,3,3,-2,-4,3,3,2}
12a_0233	5	{1,-2,3,-4,1,-2,-2,3,-4,3,-2,3}
12a_0234	4	{-1,-1,-1,2,2,-1,2,-3,2,2,-1,3,3}
12a_0235	5	{-1,2,2,-3,-4,3,1,-4,-3,1,2,2,-3,2}
12a_0236	4	{-1,2,2,3,3,2,-1,2,2,2,2,2,-3}
12a_0237	5	{-1,2,2,3,1,3,1,3,4,-3,4,3,-2,-2,-3,2}
12a_0238	5	{-1,2,2,1,1,2,-3,-4,2,3,3,3,-4,3}
12a_0239	6	{-1,-2,3,4,4,5,5,4,-3,4,2,-5,-1,2,3}
12a_0240	4	{-1,-1,-1,-2,-2,3,1,3,-2,3,-2,-2,-1}
12a_0241	5	{-1,2,-1,-2,-3,-3,-3,4,4,-3,4,-2,-2,3}
12a_0242	5	{1,-2,3,-4,-2,3,1,3,1,3,-2,-4}
12a_0243	6	{-1,2,3,-4,5,-1,5,-4,3,-4,5,2,-3}
12a_0244	5	{1,-2,-2,-3,-4,3,-4,-3,-2,-2,3,1,-4,3,1,-2}
12a_0245	5	{1,-2,-3,-3,4,-3,2,-3,2,4,3,1,1,-2}
12a_0246	5	{-1,2,-3,4,-1,2,4,-3,2,4,4,4}
12a_0247	6	{1,-2,1,2,-3,4,-5,2,2,-3,4,-5,4}
12a_0248	6	{-1,2,-3,4,-5,-1,-2,4,-5,-3,4,-3,-2,3,4}
12a_0249	6	{-1,2,3,-4,-5,-1,-3,-3,-3,4,-5,-4,2,-3,2}
12a_0250	5	{-1,2,-3,4,-1,2,4,2,2,-3,2,4}
12a_0251	6	{-1,2,3,-4,5,-1,3,5,2,-4,5,-3,2}
12a_0252	4	{-1,2,-1,2,3,3,3,3,2,2,2,2,-3}
12a_0253	5	{-1,2,3,-1,3,3,4,-3,4,2,2,2,-3,2}
12a_0254	5	{-1,2,-1,2,3,4,-3,4,3,2,2,2,2,-3}
12a_0255	6	{-1,2,3,4,5,5,4,-5,4,3,-4,2,-1,2,-3}
12a_0256	6	{-1,2,-1,2,-3,-4,5,2,3,3,-4,2,3,-4,5}
12a_0257	6	{1,-2,3,4,-5,1,-3,4,-5,4,3,-2,3}
12a_0258	5	{-1,2,-3,4,-1,2,-3,-3,-3,2,4,2}
12a_0259	6	{1,-2,-3,4,-5,1,4,-5,4,-3,4,-2,3}
12a_0260	5	{-1,2,-3,-1,-2,3,-4,3,-2,3,-4,3,3,2}
12a_0261	5	{-1,2,-1,2,3,-4,3,-2,-4,3,3,-2,-4,-3}
12a_0262	5	{-1,2,-1,2,3,3,-4,3,-2,3,3,-2,-4,-3}
12a_0263	6	{-1,2,-3,4,-5,-1,2,3,3,3,4,-5,4}
12a_0264	5	{-1,2,-3,4,-1,2,-3,2,4,-3,2,4}
12a_0265	5	{-1,2,-3,4,-1,-3,2,-3,4,-3,2,4}
12a_0266	4	{-1,2,-3,2,2,2,1,1,1,2,-3,2,-3}
12a_0267	5	{1,-2,1,2,3,3,4,-2,4,4,3,-2,3,-2,-4,-3}
12a_0268	5	{-1,-2,3,-2,3,-2,4,-3,-1,4,-1,2,4,3}
12a_0269	5	{-1,2,-1,2,3,-4,3,3,3,2,-4,3,3,2,4,-3}
12a_0270	6	{1,-2,1,2,3,-4,3,-4,5,4,-3,4,3,-5,2,2,-3}
12a_0271	5	{-1,2,-3,-4,-1,-1,2,-3,2,-4,2,2,-3,4}
12a_0272	6	{-1,2,-3,4,-5,-1,-3,4,-5,4,-3,-4,2,-3,4}
12a_0273	5	{-1,2,2,-3,1,-3,4,1,2,-3,2,-3,-4,-4}
12a_0274	4	{1,-2,-2,-2,-2,1,-2,3,-2,-2,1,-3,-3}
12a_0275	5	{1,-2,-2,3,4,-1,4,-1,-2,-3,2,-3,4,-2,-3,-2}
12a_0276	4	{1,2,2,2,2,3,1,3,1,1,-2,3,1}
12a_0277	5	{1,-2,1,2,3,3,3,3,4,2,2,-3,4,4}
12a_0278	5	{1,-2,-2,-2,-2,3,-4,1,1,-2,3,-4}
12a_0279	6	{1,-2,-3,1,2,2,-3,-4,2,3,-4,-5,4,-5,-4}
12a_0280	5	{1,-2,3,-2,3,-2,-4,3,1,1,-2,3,3,4}
12a_0281	5	{1,-2,3,3,4,-2,3,1,4,1,-2,3,3,-4}
12a_0282	5	{-1,2,-3,4,-1,-3,4,-3,4,2,4,-3}
12a_0283	5	{-1,2,-3,4,-1,-3,-3,4,-3,4,2,-3}
12a_0284	5	{-1,2,-3,-1,2,-3,2,4,2,2,-3,4}
12a_0285	5	{-1,2,-3,4,-1,-3,4,2,-3,2,-3,-3}
12a_0286	6	{-1,2,-3,-4,5,-1,2,-3,4,2,3,3,-4,-4,5}
12a_0287	5	{-1,2,-1,2,-3,-3,-3,-4,-2,3,-2,-4,3,3}
12a_0288	5	{-1,2,-3,-1,2,-3,-4,-3,2,-3,2,-3,-3,4}
12a_0289	5	{-1,2,-1,2,3,3,4,2,2,-3,2,2,3,-4,3,-4}
12a_0290	4	{-1,2,2,3,-1,3,-1,2,-1,2,2,2,-3}
12a_0291	5	{-1,2,2,3,4,-3,1,4,3,1,-2,-2,-3,-3,-3,2}
12a_0292	5	{-1,-2,-2,3,3,-2,-2,3,4,-1,-1,2,-3,4}
12a_0293	5	{-1,2,2,3,1,3,-4,1,2,2,2,3,-2,3,4,4}
12a_0294	4	{-1,-2,-2,3,3,-2,-2,1,-2,3,-2,-2,-1}
12a_0295	5	{-1,2,2,1,1,2,-3,4,2,4,3,3,3,4}
12a_0296	6	{1,-2,-3,4,-5,1,-2,3,4,-2,3,3,4,4,-5}
12a_0297	4	{1,-2,-2,-2,1,-2,3,-2,-2,-3,-3,-2,1}
12a_0298	5	{1,-2,3,-4,-2,3,-4,1,1,-2,-2,-2}
12a_0299	5	{1,-2,3,-4,1,1,-2,3,3,3,-4,3}
12a_0300	6	{-1,2,3,-4,5,-1,3,5,-2,-4,5,3,2}
12a_0301	6	{-1,2,-3,-4,2,-3,-1,-3,-4,2,5,3,5,-4,5}
12a_0302	5	{1,-2,-2,-1,-1,-2,-3,4,4,-3,-2,3,4,-2}
12a_0303	6	{-1,2,-3,-4,5,-1,5,-4,-3,4,5,2,-3}
12a_0304	5	{-1,2,-3,4,-1,-3,-3,-3,4,-3,2,-3}
12a_0305	5	{-1,2,-3,4,-1,4,-3,4,2,4,4,-3}
12a_0306	6	{-1,2,-3,4,5,-1,-3,-4,5,-4,-3,2,-3}
12a_0307	6	{1,-2,1,2,-3,4,-5,-3,4,2,-5,2,-3}
12a_0308	6	{-1,2,-3,-4,-1,3,-4,2,-5,-3,2,4,-3,4,5}
12a_0309	6	{-1,2,-3,-4,5,-1,2,-3,-4,2,-4,3,3,4,5}
12a_0310	5	{-1,2,-3,4,-1,2,4,-3,2,-3,-3,4}
12a_0311	5	{-1,2,-1,2,3,4,4,3,2,2,2,2,-3,4,-3,-4}
12a_0312	6	{1,1,2,-1,2,3,-2,3,2,-4,3,-2,3,4,-5,4,-5}
12a_0313	5	{-1,2,2,3,-4,1,-4,1,3,2,2,-3,4,-3,2,-4}
12a_0314	6	{1,-2,3,4,1,-2,4,5,3,5,3,4,-3,4,-5}
12a_0315	5	{-1,2,3,-4,-1,3,-2,3,3,4,4,4,3,2}
12a_0316	5	{-1,2,-3,4,-1,2,4,-3,2,-3,4,-3}
12a_0317	5	{1,-2,-3,-3,-4,-2,3,1,1,-2,-2,-3,4,-3,4,-2}
12a_0318	5	{-1,2,-3,4,-1,4,-3,2,-3,-3,4,-3}
12a_0319	5	{-1,2,2,3,1,3,1,2,-3,4,2,2,2,-3,4,3}
12a_0320	6	{1,1,2,-1,2,3,-2,-4,-3,2,5,4,3,3,3,4,5}
12a_0321	4	{-1,2,-3,2,2,1,1,1,2,2,2,-3,2}
12a_0322	5	{1,-2,1,2,3,3,4,4,4,3,-2,3,3,-2,-4,-3}
12a_0323	5	{1,-2,-3,1,1,2,-3,-3,-4,2,-4,2,3,-4}
12a_0324	5	{1,-2,-2,3,4,-2,-2,-3,1,4,1,-2,-3,-3}
12a_0325	5	{1,-2,-3,-3,4,-2,-3,1,4,1,-2,-2,3,-2}
12a_0326	6	{-1,2,2,-3,-4,2,1,-4,3,3,4,5,2,-3,-4,2,5}
12a_0327	5	{1,-2,-2,-3,4,-3,-1,4,-1,-2,3,3,-2,-4,3,-2}
12a_0328	5	{-1,2,-3,4,-1,2,4,2,-3,4,2,-3}
12a_0329	5	{-1,2,3,-1,3,-4,3,-2,3,2,4,4,4,4}
12a_0330	6	{1,-2,1,2,3,-4,-5,3,4,-5,4,3,2,2,-3}
12a_0331	5	{-1,2,-3,-4,-1,-2,-4,3,-2,-4,-4,-4,3,3}
12a_0332	6	{-1,2,-1,-2,-3,4,-5,-3,-2,-2,3,4,-3,4,-5}
12a_0333	5	{-1,2,-3,4,-1,2,4,-3,2,4,-3,-3}
12a_0334	5	{-1,2,-3,-4,-1,-2,3,3,-4,3,-2,-4,3,3}
12a_0335	5	{1,2,2,-3,-4,2,2,3,1,-4,1,-2,-3,-3}
12a_0336	5	{-1,2,2,3,-4,3,1,3,1,2,2,3,-4,-3,-3,2}
12a_0337	6	{1,-2,3,4,1,-3,4,2,-5,2,-3,4,2,-3,-5}
12a_0338	6	{1,-2,-3,4,1,4,5,3,5,3,-4,-2,3,-4,-5}
12a_0339	6	{1,1,2,-1,2,-3,-2,4,-3,2,2,-5,4,3,3,-5,4}
12a_0340	6	{-1,2,-3,4,-1,2,4,-3,2,4,5,-3,-4,3,5}
12a_0341	5	{-1,2,-3,-1,-3,2,-3,4,2,2,-3,4}
12a_0342	5	{-1,2,-3,4,-1,2,-3,2,2,-3,-3,4}
12a_0343	6	{1,-2,-3,4,1,2,4,-3,2,4,-5,-3,4,3,-5}
12a_0344	5	{1,-2,1,2,3,3,4,2,4,2,4,-3,4,4}
12a_0345	6	{1,-2,1,2,3,3,4,5,-4,2,5,2,-3,4,4}
12a_0346	4	{-1,2,-3,2,1,1,1,2,-3,2,-3,-3,-3}
12a_0347	5	{-1,2,3,-1,-2,3,-4,3,-2,3,-2,4,4,4}
12a_0348	6	{-1,2,-3,4,-1,-3,-2,3,-4,3,2,-5,4,-5,4}
12a_0349	5	{-1,2,-3,-4,-1,-2,-4,3,-2,-4,3,-4,-4,3}
12a_0350	5	{-1,2,2,-3,2,2,3,1,3,-4,1,2,-3,2,3,-4}
12a_0351	5	{-1,2,-3,-4,-1,-2,-4,3,-2,3,3,-4,3,3}
12a_0352	5	{-1,2,-3,-4,-1,-2,-4,3,-2,3,-4,3,-4,3}
12a_0353	5	{-1,2,2,-3,1,-3,4,1,-2,4,-2,3,3,-4,3,2}
12a_0354	5	{-1,-2,3,-2,-2,1,1,2,3,4,4,4,3,-2,3,-4}
12a_0355	5	{1,-2,3,1,3,3,4,2,4,-3,2,4,4,4}
12a_0356	6	{1,-2,1,2,-3,4,5,2,2,3,3,3,-4,5,4}
12a_0357	6	{-1,2,-3,4,-5,-1,2,3,-5,3,3,4,-5}
12a_0358	5	{1,-2,3,-4,1,3,1,-2,3,-4,3,-4}
12a_0359	5	{1,-2,3,-4,1,1,-2,3,-2,-4,3,-4}
12a_0360	6	{1,-2,1,2,3,-2,3,-2,3,4,-5,-2,-3,4,-5}
12a_0361	5	{-1,2,-3,4,-1,2,-3,4,-3,2,-3,4}
12a_0362	5	{-1,2,-3,-4,-1,-2,-2,3,-4,-2,3,-2,-4,3}
12a_0363	5	{-1,2,-3,-4,-1,-2,-4,-2,-2,3,-2,-4,3,3}
12a_0364	5	{-1,2,-3,-4,-1,-2,3,-2,3,-4,3,-2,-4,3}
12a_0365	4	{-1,2,2,3,-1,3,-1,-1,-1,2,-1,2,-3}
12a_0366	5	{-1,2,2,-3,-4,3,1,-4,-3,1,2,-3,2,-3}
12a_0367	4	{1,1,1,2,2,2,2,3,1,3,-2,3,1}
12a_0368	5	{1,2,2,2,2,3,1,1,-2,3,4,-3,4,3}
12a_0369	3	{1,-2,-2,-2,-2,1,1,-2,-2,-2,-2,-2}
12a_0370	4	{-1,-2,-2,-2,-2,3,3,-2,-2,-2,-1,2,3}
12a_0371	4	{-1,-2,3,3,-2,-2,-2,-2,-2,3,-2,-1,2}
12a_0372	5	{1,-2,-3,2,-3,-2,-4,1,1,-2,-2,-2,-3,2,-3,4}
12a_0373	5	{1,2,2,2,2,1,1,-2,-3,4,2,4,-3,4}
12a_0374	5	{1,-2,3,-4,1,1,-2,-2,-2,3,-4,3}
12a_0375	4	{-1,-1,-1,-2,-2,-2,-2,3,3,-2,-1,2,3}
12a_0376	5	{1,-2,-3,-4,3,-4,-3,2,-3,1,-3,1,-3,-2}
12a_0377	5	{1,-2,3,-4,1,1,-2,3,-4,3,-4,-4}
12a_0378	6	{-1,2,-3,-4,5,-1,3,5,2,-4,5,-3,2}
12a_0379	5	{-1,2,-1,-2,-3,4,4,-3,4,-2,-2,-2,-2,3}
12a_0380	6	{-1,2,-1,-2,3,-2,-3,-4,5,5,-4,-3,-2,4,5}
12a_0381	6	{-1,2,3,-1,3,3,3,4,-5,2,-3,4,-5}
12a_0382	5	{-1,2,-3,4,-1,-3,4,-3,2,-3,-3,-3}
12a_0383	5	{-1,2,-3,4,-1,4,-3,4,2,-3,-3,-3}
12a_0384	6	{-1,2,-3,-4,5,-1,-4,5,-4,3,-4,2,-3}
12a_0385	6	{-1,2,-3,-4,5,-1,5,-4,3,-4,5,2,-3}
12a_0386	5	{-1,2,-1,2,-3,-3,-4,-2,-2,3,-2,-4,-2,3}
12a_0387	5	{-1,2,-1,2,-3,-3,-4,-2,3,3,-2,3,-4,3}
12a_0388	5	{-1,2,-3,4,-1,-3,4,2,2,-3,2,-3}
12a_0389	5	{-1,2,-3,-4,-1,-2,-2,3,-4,3,-2,3,-4,3}
12a_0390	4	{-1,2,-3,2,2,1,1,1,2,-3,2,-3,-3}
12a_0391	5	{-1,2,2,3,1,3,1,3,3,2,-3,4,2,-3,4,3}
12a_0392	6	{1,1,2,-1,2,3,-2,-4,-3,2,5,4,3,3,4,5,5}
12a_0393	5	{-1,-2,3,2,2,1,1,-2,3,-4,3,2,2,2,3,-4}
12a_0394	4	{-1,-2,3,3,-2,-2,1,-2,-2,-2,3,-2,-1}
12a_0395	5	{1,-2,-3,-3,-2,1,1,2,-3,-4,3,-4,-2,-2,-2,3}
12a_0396	5	{1,2,-3,4,2,1,1,-2,-3,-3,-3,2,-3,4}
12a_0397	6	{1,-2,3,-4,5,2,5,2,3,-4,2,5,1,-2,3}
12a_0398	5	{1,-2,3,-4,1,3,1,3,-2,3,-4,3}
12a_0399	5	{1,-2,-3,-4,-4,-3,2,-3,4,-3,1,-3,1,-2}
12a_0400	6	{-1,2,2,-3,4,5,2,-3,-4,1,2,-3,5,4,-3,5,2}
12a_0401	6	{1,2,-3,2,-1,2,-3,2,-4,5,-4,-3,4,5,5}
12a_0402	5	{1,-2,3,-4,1,3,1,-2,3,-2,-4,3}
12a_0403	6	{-1,2,-3,-4,5,-1,-3,-4,2,3,3,4,4,5,-3}
12a_0404	6	{1,-2,1,2,3,-2,-2,3,4,-5,-2,-2,-3,4,-5}
12a_0405	6	{1,-2,1,2,-3,4,-5,-2,3,3,-2,3,3,4,-5}
12a_0406	6	{-1,2,-3,4,-1,2,4,5,5,4,-3,4,-5}
12a_0407	6	{-1,2,-3,-4,-1,2,-3,-4,-3,-5,4,2,-5,-3,4}
12a_0408	5	{-1,-2,3,-4,3,2,2,1,1,-2,3,2,-4,2,2,3}
12a_0409	4	{-1,2,-3,2,2,2,2,1,1,1,2,-3,2}
12a_0410	5	{1,-2,1,2,2,2,3,-4,-3,-3,2,2,3,-4,3,3}
12a_0411	4	{-1,-2,3,3,-2,-2,-2,-2,1,-2,3,-2,-1}
12a_0412	5	{-1,2,-1,-2,-2,-2,-3,4,4,-3,-2,-2,3,-4,3,4}
12a_0413	5	{1,-2,3,1,1,-2,3,-4,3,-2,3,-4}
12a_0414	6	{1,1,2,-1,2,1,-3,2,-1,2,3,3,4,-3,-5,4,-5}
12a_0415	5	{-1,2,-3,4,-1,4,-3,2,-3,4,-3,4}
12a_0416	5	{-1,2,-3,4,-1,4,-3,4,2,-3,4,4}
12a_0417	5	{-1,2,-1,2,-3,-3,-4,-2,3,-2,3,-2,-4,3}
12a_0418	5	{-1,2,-3,-1,2,-3,4,-3,-3,2,-3,4}
12a_0419	5	{-1,2,-3,4,-1,2,4,-3,2,4,-3,4}
12a_0420	5	{1,-2,1,2,3,3,4,2,2,-3,4,4,4,4}
12a_0421	6	{1,-2,1,2,3,3,4,2,2,-3,4,5,-4,5,4}
12a_0422	4	{1,-2,1,2,-3,-3,2,2,-3,-3,-3,-3,-3}
12a_0423	5	{1,-2,1,2,-3,-3,2,2,-3,-3,-3,-4,3,-4}
12a_0424	5	{1,-2,1,2,-3,-3,2,2,-3,-4,3,-4,-4,-4}
12a_0425	6	{1,-2,1,2,-3,-3,2,2,-3,-4,-5,3,4,-5,-4}
12a_0426	5	{1,-2,-3,-3,-2,1,1,-2,3,4,-2,4,-3,4}
12a_0427	5	{-1,2,-3,-1,-3,4,2,-3,2,4,2,-3}
12a_0428	4	{-1,2,2,3,-1,3,-1,-1,2,-1,2,2,-3}
12a_0429	5	{-1,2,2,-3,-4,3,1,-4,1,2,-3,2,2,-3}
12a_0430	4	{-1,-1,-1,-2,-2,3,3,-2,1,-2,3,-2,-2}
12a_0431	5	{-1,2,2,3,1,1,2,2,3,-4,3,-2,3,3,4,4}
12a_0432	5	{-1,2,2,3,1,3,1,-2,3,4,2,2,2,-3,4,3}
12a_0433	6	{1,-2,3,-4,5,1,-2,3,5,4,4,4,5}
12a_0434	5	{1,-2,-3,4,1,-2,4,3,-2,-3,-3,-3,4,-3}
12a_0435	5	{-1,2,-3,4,-1,4,-1,-2,-2,-2,3,3,3,4}
12a_0436	5	{1,-2,3,-4,1,-4,1,-2,3,-4,-4,-4}
12a_0437	6	{-1,2,-1,-2,3,-4,5,-2,5,-2,3,-4,5}
12a_0438	5	{-1,2,-1,2,-3,2,-3,-2,3,-2,3,-4,3,-4}
12a_0439	5	{-1,2,-3,4,-1,-3,4,2,-3,2,4,-3}
12a_0440	4	{-1,2,2,3,-1,3,2,-1,2,2,2,2,-3}
12a_0441	5	{-1,2,2,-3,1,-3,1,-2,-2,3,3,3,4,-3,2,4}
12a_0442	5	{1,-2,3,4,1,1,2,2,2,2,2,-3,4,3}
12a_0443	6	{1,2,-3,4,5,2,5,1,-2,3,3,3,4,-5,4}
12a_0444	6	{1,-2,3,-4,5,1,-3,5,2,4,-3,2,4,4,5}
12a_0445	5	{1,-2,3,-4,1,-4,1,-2,-2,-2,3,-4}
12a_0446	5	{1,-2,3,-4,1,3,1,3,-4,-2,3,-4}
12a_0447	6	{1,-2,-3,4,-5,1,2,-3,-2,-5,1,4,-5}
12a_0448	7	{-1,2,3,4,-1,4,5,-6,3,2,-3,-4,5,3,-4,-6}
12a_0449	6	{1,2,2,3,-4,-2,-1,-2,3,-2,-4,5,-4,3,-2,-4,-5}
12a_0450	6	{-1,2,-3,-4,-5,-1,2,4,-5,-3,4,-3,2,-3,-4}
12a_0451	5	{-1,2,-3,4,-1,2,4,2,-3,2,-3,4}
12a_0452	5	{1,-2,-3,4,1,-3,1,-2,3,-2,4,-2,-3,4}
12a_0453	5	{-1,2,-3,4,-1,2,-3,-3,-3,4,4,4}
12a_0454	6	{-1,2,-3,-4,5,-1,3,5,2,5,-4,5,-3}
12a_0455	5	{-1,2,-3,-1,-3,4,-3,2,-3,2,4,-3}
12a_0456	5	{-1,2,-3,4,-1,2,-3,4,4,-3,-3,4}
12a_0457	5	{-1,2,-3,4,-1,-3,2,-3,4,-3,2,-3}
12a_0458	5	{-1,2,-3,4,-1,2,-3,2,4,-3,2,-3}
12a_0459	6	{-1,2,-3,-4,-1,2,3,-4,-3,-5,2,-3,4,-5,-4}
12a_0460	6	{-1,-2,-3,4,-5,-3,-4,2,-1,2,3,-4,3,5,4,-3,4}
12a_0461	5	{-1,2,2,-3,-4,2,2,3,1,-4,3,1,2,-3,2,3}
12a_0462	5	{-1,2,-3,4,-1,2,2,2,-3,-3,-3,4}
12a_0463	6	{1,-2,-3,4,-5,1,2,-3,4,-2,4,4,-5}
12a_0464	5	{-1,2,-3,-4,-1,-2,3,3,-2,3,-4,3,-2,3}
12a_0465	5	{-1,2,-3,4,-1,2,-3,-3,2,2,-3,4}
12a_0466	5	{-1,2,-3,-4,-1,-2,-2,3,-4,-2,-2,3,-2,3}
12a_0467	5	{-1,2,-3,-4,-1,-2,3,-2,3,-2,-4,3,-2,3}
12a_0468	5	{1,2,-3,-3,2,-3,1,-3,1,-3,-4,-2,3,-4}
12a_0469	5	{1,2,-3,-3,2,-3,4,-3,1,1,2,-3,-2,4}
12a_0470	5	{1,-2,3,4,1,-2,4,-2,-2,-3,2,4,3,3}
12a_0471	7	{-1,2,3,-4,-5,6,-1,3,-5,6,2,-4,5,-3}
12a_0472	6	{-1,2,-3,-4,-1,-4,-3,2,-3,4,-5,-3,4,-5,-4}
12a_0473	5	{-1,2,-3,-4,-1,-2,3,-2,3,-4,3,-2,3,3}
12a_0474	5	{-1,2,-3,-4,-1,-2,-2,3,-4,-2,3,-2,3,3}
12a_0475	5	{1,2,-3,2,2,-3,2,-3,-4,1,1,-2,3,-4}
12a_0476	5	{-1,2,-3,-1,-3,4,-3,-3,2,-3,4,-3}
12a_0477	7	{-1,2,-3,4,-5,6,-1,2,-3,4,-5,6}
12a_0478	5	{-1,2,-3,-1,-3,4,-3,-3,4,2,-3,4}
12a_0479	5	{-1,2,3,-1,3,-4,-2,3,-2,3,3,-2,-4,-3}
12a_0480	5	{1,2,-3,2,-3,2,4,1,1,-2,-3,2,-3,4}
12a_0481	6	{-1,2,-3,4,5,-1,2,-3,-3,-3,-4,5,4}
12a_0482	7	{-1,2,-3,4,5,6,-1,2,-3,-5,6,-4,5,-4}
12a_0483	5	{-1,2,-3,-4,-1,-2,3,-2,-4,3,-2,-4,3,3}
12a_0484	5	{1,2,-3,2,-3,2,-4,3,1,-4,1,-2,-3,-3}
12a_0485	5	{-1,2,-3,4,-1,-3,4,-3,2,-3,4,-3}
12a_0486	5	{-1,2,-3,4,-1,-3,4,-3,4,2,-3,4}
12a_0487	5	{-1,2,3,-1,3,-4,-2,-2,3,-2,3,-2,-4,-3}
12a_0488	5	{-1,2,3,-1,3,-4,3,-2,3,3,3,-2,-4,-3}
12a_0489	6	{1,-2,-3,4,-5,1,-2,3,4,-2,3,3,3,4,-5}
12a_0490	5	{-1,2,2,3,-4,3,1,1,-2,3,2,4,2,4,2,3}
12a_0491	6	{-1,2,-3,4,-1,-3,4,-2,-5,4,4,3,2,-4,-5}
12a_0492	6	{-1,2,-3,-4,-5,2,3,-4,-1,-2,3,2,-4,5,-4,3,2}
12a_0493	5	{-1,2,3,-1,3,-4,3,3,3,-2,3,-2,-4,-3}
12a_0494	6	{1,-2,3,-4,-5,2,2,3,-4,-1,-2,3,-4,5,-4,3,-2}
12a_0495	4	{-1,2,-3,2,2,1,1,1,2,2,-3,2,-3}
12a_0496	4	{-1,2,-1,2,-3,2,2,3,-1,3,2,-1,2}
12a_0497	5	{1,-2,3,-4,-2,3,-4,3,-2,1,1,-2}
12a_0498	5	{-1,2,-1,2,-3,2,-3,4,4,-3,2,4}
12a_0499	5	{-1,2,-3,4,4,-3,2,-3,4,-1,-1,2}
12a_0500	5	{-1,2,-1,2,2,-3,4,-3,4,2,-3,2}
12a_0501	5	{-1,2,-3,4,-1,-3,4,2,4,4,-3,2}
12a_0502	4	{-1,2,2,3,3,2,2,2,2,2,-1,2,-3}
12a_0503	5	{-1,2,-1,2,2,-3,2,-3,-4,-3,2,-3,2,4}
12a_0504	5	{-1,2,2,3,1,1,2,3,-4,3,-2,-4,3,2,-3,2}
12a_0505	5	{-1,2,-3,-1,2,-3,-4,-3,2,-4,3,-4,-3,2}
12a_0506	5	{-1,2,-1,2,-3,2,-3,4,-3,4,-3,2}
12a_0507	4	{-1,2,2,3,3,2,2,2,-1,2,2,2,-3}
12a_0508	5	{-1,2,2,1,1,2,2,2,-3,-4,2,3,-4,3}
12a_0509	4	{-1,-1,2,2,-3,-1,2,2,3,3,2,-1,2}
12a_0510	5	{-1,2,2,1,1,2,-3,2,-3,-4,-4,-3,-3,4}
12a_0511	4	{1,-2,1,-2,3,-2,-2,-3,-3,-2,-2,-2,1}
12a_0512	5	{-1,2,-3,-1,-3,-3,4,4,-3,4,2,-3}
12a_0513	5	{1,-2,-2,-1,-1,-2,3,-2,-3,4,-3,2,-4,3,-4,3}
12a_0514	5	{1,-2,-2,-1,-1,-2,3,-2,-3,4,-3,4,4,-3}
12a_0515	5	{1,-2,3,4,2,-3,4,-3,2,-3,1,-3,1,-2}
12a_0516	5	{1,-2,3,4,-2,3,4,3,-2,3,1,-4,1,-2}
12a_0517	5	{-1,2,-1,2,2,-3,4,2,4,-3,2,4}
12a_0518	6	{-1,2,-3,4,5,-1,-3,-4,5,4,2,-3,2}
12a_0519	4	{-1,2,2,2,2,3,3,2,2,2,-1,2,-3}
12a_0520	5	{-1,2,3,-2,3,3,-4,3,-4,3,2,1,1,2}
12a_0521	5	{1,-2,3,1,3,3,-4,3,-4,3,-2,3}
12a_0522	5	{-1,2,2,1,1,2,-3,2,3,3,-4,3,-4,3}
12a_0523	4	{-1,2,-1,-1,2,-3,2,2,3,-1,3,2,-1}
12a_0524	6	{1,-2,3,-4,5,1,-3,-4,5,4,-3,4,-2,4,3}
12a_0525	6	{-1,2,3,-4,-1,3,-4,-5,-4,3,-4,-2,5,3,-2}
12a_0526	4	{-1,2,-1,-1,2,-3,2,2,3,3,2,-1,2}
12a_0527	4	{-1,2,2,3,3,2,2,-1,2,-1,2,2,-3}
12a_0528	5	{1,-2,3,-4,-2,-4,3,-2,-4,1,1,-2}
12a_0529	6	{-1,2,-3,4,-1,-3,4,-5,-4,3,-4,2,5,-3,2}
12a_0530	6	{-1,2,3,-4,5,-1,-4,5,3,4,2,-5,-3,2,-4}
12a_0531	4	{-1,-1,-1,2,2,3,3,2,-1,2,2,2,-3}
12a_0532	5	{-1,2,2,1,1,2,-3,-4,2,-4,-4,3,-4,3}
12a_0533	4	{1,-2,1,-2,3,-2,-2,-2,-2,-3,-3,-2,1}
12a_0534	5	{-1,2,-1,-2,3,-2,-3,-3,-3,4,4,-3,-2,4}
12a_0535	5	{1,-2,3,-4,-2,-4,1,-4,1,3,-2,-4}
12a_0536	5	{-1,2,-3,4,-1,2,4,4,4,-3,2,4}
12a_0537	6	{-1,2,-3,4,5,-1,2,5,4,-3,2,4,-5}
12a_0538	4	{-1,2,-1,2,3,3,2,2,2,2,2,2,-3}
12a_0539	5	{-1,2,2,2,3,-4,-2,3,-4,3,2,1,1,2}
12a_0540	5	{-1,2,3,-4,-2,3,-4,3,2,1,1,2,2,2}
12a_0541	5	{-1,2,-3,4,-1,2,-3,2,4,2,4,4}
12a_0542	6	{-1,2,-1,2,3,-2,3,4,-3,4,-5,4,-3,4,3,5,2}
12a_0543	6	{-1,2,3,-4,5,-1,3,3,-4,5,4,2,-3,2,-4}
12a_0544	4	{-1,2,-1,-1,-1,2,-3,2,2,3,3,2,-1}
12a_0545	5	{-1,2,-1,-2,3,3,4,4,3,3,-4,-2,-2,3}
12a_0546	6	{1,-2,3,4,-5,1,4,-5,-3,4,2,-3,2,4,-3}
12a_0547	5	{-1,2,3,3,2,1,1,-2,3,-4,3,-4,2,2,2,-3}
12a_0548	5	{-1,2,2,1,1,2,-3,-4,2,2,2,3,-4,-3}
12a_0549	6	{-1,-2,3,4,4,5,5,4,-3,4,-2,-5,-1,2,3}
12a_0550	6	{-1,2,3,-4,5,-1,-2,5,-4,3,-2,-4,5}
12a_0551	6	{-1,2,3,-4,5,3,5,4,-5,4,3,2,-1,2,-3}
12a_0552	6	{1,-2,-3,4,-5,1,2,4,-5,4,-3,2,4}
12a_0553	4	{-1,2,2,-1,2,-3,2,2,-1,3,3,2,2}
12a_0554	6	{1,1,-2,-1,3,-2,1,-4,3,3,-5,4,-3,-2,-5,-4,3}
12a_0555	6	{-1,2,-3,4,-1,2,4,5,3,5,-4,3,-4,-4,-5}
12a_0556	5	{-1,2,2,1,1,2,3,-2,3,4,-3,2,2,2,-3,-4}
12a_0557	6	{1,1,1,2,-1,2,2,3,-2,-2,4,-3,2,-5,4,3,-5}
12a_0558	4	{-1,2,-1,2,3,3,3,2,-1,2,2,2,-3}
12a_0559	5	{1,-2,-3,4,1,2,-3,4,4,3,3,-2,-3,4,-3,2}
12a_0560	6	{-1,2,-3,4,-5,-1,-3,4,-5,-4,3,4,2,-3,4}
12a_0561	5	{1,-2,3,1,3,1,-2,3,-4,3,-2,3,3,4}
12a_0562	6	{1,-2,-3,-4,5,1,2,-3,2,5,3,-4,5,-3,2}
12a_0563	5	{-1,2,2,2,2,1,1,2,-3,2,-3,4,3,-2,3,-4}
12a_0564	6	{1,-2,1,2,-3,2,3,-4,3,-4,5,4,-3,4,3,-5,2}
12a_0565	5	{-1,2,-3,-1,-3,-3,-4,2,-4,-3,2,3,-4,-3}
12a_0566	6	{-1,2,3,-4,-5,-1,-4,-5,3,-4,-2,5,3,-2,-4}
12a_0567	4	{-1,2,-1,2,-1,3,-1,3,3,2,-1,2,-3}
12a_0568	5	{-1,2,2,1,1,2,3,-2,3,3,3,4,-3,2,-3,-4}
12a_0569	5	{-1,2,-3,-4,-1,-2,-4,-4,-4,3,-2,-4,3,3}
12a_0570	6	{-1,2,-3,-4,-5,-1,2,4,-5,-3,-4,-3,2,-3,4}
12a_0571	4	{1,1,1,2,-3,2,-3,-1,2,-3,2,2,-3}
12a_0572	4	{-1,2,2,3,-1,3,-1,2,2,2,-1,2,-3}
12a_0573	4	{-1,-1,-1,2,2,3,-1,3,-1,2,-1,2,-3}
12a_0574	4	{1,2,2,2,2,2,2,3,1,3,-2,3,1}
12a_0575	5	{1,-2,3,1,1,2,2,2,3,3,4,-3,4,3}
12a_0576	3	{1,-2,-2,-2,-2,-2,-2,1,1,-2,-2,-2}
12a_0577	4	{-1,-2,3,3,-2,-2,-2,3,-2,-2,-2,-1,2}
12a_0578	4	{-1,-1,-1,-2,3,3,-2,-2,-2,3,-2,-1,2}
12a_0579	5	{1,-2,3,-4,1,-4,1,-2,-4,3,-4,3}
12a_0580	4	{-1,2,-1,-2,3,3,-2,-2,-2,-2,-2,-2,3}
12a_0581	5	{1,-2,-2,-2,-3,4,4,-3,-2,3,4,-1,-1,-2}
12a_0582	5	{1,-2,-3,4,4,-3,-2,3,4,-1,-1,-2,-2,-2}
12a_0583	5	{-1,2,-3,4,-1,-3,4,4,4,-3,2,-3}
12a_0584	5	{-1,2,-3,4,-1,4,4,4,-3,4,2,-3}
12a_0585	6	{-1,2,-3,4,5,-1,5,4,-3,4,-5,2,-3}
12a_0586	5	{-1,2,2,3,1,3,1,2,2,2,-3,4,2,-3,4,3}
12a_0587	4	{-1,2,2,3,3,3,2,-1,2,2,2,-3,2}
12a_0588	4	{-1,2,3,-1,3,-1,3,2,2,-1,2,-3,2}
12a_0589	4	{-1,-2,3,3,-2,-2,1,-2,3,-2,-2,-2,-1}
12a_0590	4	{-1,2,2,2,-1,2,3,3,3,3,2,2,-3}
12a_0591	5	{1,-2,1,2,3,-4,3,3,3,-4,3,2,2,-3}
12a_0592	5	{-1,2,2,3,3,2,2,-3,-4,1,1,-2,3,2,-4,2}
12a_0593	5	{-1,2,2,-3,1,-3,1,2,-3,-4,2,3,-4,-3}
12a_0594	5	{1,-2,-3,-4,2,3,-4,-3,-2,1,1,-2,-2,-2}
12a_0595	6	{-1,2,3,-4,5,-1,3,5,-2,-4,5,3,-2}
12a_0596	6	{-1,-2,-3,4,5,-3,5,-4,5,-4,-3,-2,-1,2,3}
12a_0597	6	{-1,2,-3,4,5,-1,-3,-4,5,4,-3,2,-3}
12a_0598	4	{1,1,1,2,-3,2,-1,2,2,-3,-3,-3,2}
12a_0599	4	{-1,-1,-1,-2,3,3,-2,-2,1,-2,3,-2,-1}
12a_0600	5	{-1,2,2,2,2,1,1,2,-3,-4,2,3,-4,3}
