12n_0401	5	{-1,2,-3,4,-1,2,4,-3,2,3,3,4}
12n_0402	4	{-1,-1,-1,-2,3,-2,-3,-1,-2,3,-2,-1,-3}
12n_0403a	4	{-1,-1,-1,2,-3,-3,-2,1,-2,3,1,2,-1}
12n_0403b	4	{-1,-1,-2,-1,3,2,-1,2,-4,3,-2,-4}
12n_0404	5	{1,2,-3,-4,-2,-3,-3,-4,-2,-1,-1,-2,-3,4}
12n_0405	5	{1,-2,3,4,1,-2,4,3,-2,3,4,3}
12n_0406	5	{1,-2,1,2,3,3,3,4,2,-3,2,4,3,3}
12n_0407	4	{1,-2,1,2,3,-2,3,2,-3,2,3,3,3}
12n_0408	5	{-1,2,-1,-2,-3,2,-3,-2,3,4,-2,-3,4,4}
12n_0409	4	{-1,2,-1,-2,-3,-3,-2,-2,3,3,-2,-2,3}
12n_0410	5	{-1,2,2,3,1,1,-2,3,4,-2,-2,-3,4,3}
12n_0411	5	{1,-2,-3,-4,3,-4,2,2,-3,2,-3,-1,-1,-2}
12n_0412	4	{1,-2,-2,-3,-3,-2,1,2,2,2,-3,-2,-2}
12n_0413	4	{1,-2,-3,1,-3,1,2,2,-1,2,-3,-2,1}
12n_0414	5	{-1,2,-3,4,-1,-3,2,-3,-2,3,-4,3,-2,4}
12n_0415	4	{1,-2,3,1,3,1,-2,1,-2,3,-1,-2,1}
12n_0416	4	{1,-2,-2,-3,1,1,2,2,3,1,3,-2,1}
12n_0417	3	{-1,2,2,1,1,2,2,2,1,1,2,2}
12n_0418	4	{-1,2,3,-1,3,3,2,2,2,3,-2,3,3}
12n_0419	4	{1,2,2,1,1,2,2,3,3,-2,1,-2,-3}
12n_0420	5	{1,-2,-3,1,1,2,-3,4,-3,2,-3,4}
12n_0421	5	{1,-2,-3,4,1,-2,-3,-3,4,-3,-2,4,3,3}
12n_0422	5	{1,-2,-3,-4,1,-2,3,3,-4,3,-2,-4,3,3}
12n_0423	5	{-1,2,-3,4,-1,-2,-3,-3,4,-3,-2,4,3,3}
12n_0424	4	{1,-2,1,2,3,-2,3,-2,-2,3,-2,3,3}
12n_0425	4	{-1,-2,3,-1,3,-2,1,-2,3,-1,-2,-1,-2}
12n_0426	4	{1,2,3,1,3,2,-1,2,3,1,2,1,2}
12n_0427	4	{1,1,-2,-3,1,2,2,3,1,3,-2,1,-2}
12n_0428	4	{1,-2,1,2,3,3,3,-2,3,3,-2,3,3}
12n_0429	5	{-1,-2,-3,-3,-4,-2,3,1,-4,1,-2,3,-2,-4}
12n_0430	5	{1,-2,3,3,-2,-1,-1,2,-3,-4,2,3,-4,-3}
12n_0431	5	{-1,2,-3,-3,2,1,1,-2,3,-4,-2,3,-4,3}
12n_0432	5	{1,2,-3,-4,-2,-2,-3,-1,-3,-4,-1,-2,-3,4}
12n_0433	5	{1,-2,1,2,-3,-4,-2,-4,-3,2,-3,-4,-2,-3}
12n_0434	5	{-1,2,-3,-1,-3,2,-3,-4,2,2,3,-4}
12n_0435	5	{-1,2,3,-4,-1,-2,3,-2,-2,3,3,-4}
12n_0436	5	{-1,2,3,-4,-1,-2,3,-2,-2,-3,-3,-4}
12n_0437	5	{1,-2,1,2,3,3,-4,2,-4,2,-3,-3,-4,-3}
12n_0438	4	{1,-2,3,3,2,2,2,-1,2,-3,-1,-2,1}
12n_0439	4	{-1,-2,-3,1,-3,2,-1,2,-3,1,-2,-1,2}
12n_0440	4	{1,-2,3,3,-2,-2,-2,1,-2,-3,1,-2,1}
12n_0441	4	{1,1,-2,-3,1,-2,1,2,2,3,3,2,2}
12n_0442	5	{1,-2,-3,1,2,-3,-4,-3,2,-3,2,4,4,4}
12n_0443	4	{-1,-2,-3,1,-3,2,-1,2,3,1,-2,-1,2}
12n_0444	5	{1,-2,3,-4,1,3,1,-2,-3,4,-3,-4}
12n_0445	5	{1,-2,3,1,-2,3,-4,3,-2,3,2,4,4,4}
12n_0446	5	{1,-2,3,4,1,-2,4,-3,4,-3,4,4}
12n_0447	4	{1,-2,3,3,-2,1,-2,-2,-2,-3,1,-2,1}
12n_0448	5	{-1,2,-1,2,-3,-3,4,-2,3,-2,3,-2,4,3}
12n_0449	5	{-1,2,3,-4,-1,3,-2,3,-4,3,-2,3}
12n_0450	5	{1,-2,-3,4,1,1,2,-3,2,4,-3,4}
12n_0451	4	{-1,2,-3,-1,2,-3,-2,3,-2,-3,2,-3,-2}
12n_0452	4	{-1,2,3,1,3,-2,1,-2,-3,1,2,-1,2}
12n_0453	5	{1,2,2,3,3,2,2,3,4,1,1,-2,-3,4}
12n_0454	4	{-1,2,-1,-2,3,-2,3,-2,-3,2,-3,-3,-3}
12n_0455	4	{-1,2,3,-1,2,2,2,2,3,3,-2,3,-2}
12n_0456	5	{-1,-2,-2,-1,-1,-2,3,4,2,2,2,-3,4,3}
12n_0457	5	{-1,2,-1,-2,-3,-4,3,-4,-3,-2,-2,3,3,3}
12n_0458	5	{1,-2,-3,4,1,-3,1,-2,-3,4,-3,4}
12n_0459	5	{1,-2,3,4,1,1,-2,3,-2,4,3,4}
12n_0460	5	{-1,2,3,-4,-1,3,-4,-2,3,2,-4,-3}
12n_0461	5	{-1,2,3,-4,-1,-2,3,-4,3,-2,3,-4}
12n_0462	5	{-1,2,3,4,-1,-2,-3,4,3,-2,3,-4}
12n_0463	5	{-1,2,-3,-4,-1,2,3,-4,-3,2,-3,4}
12n_0464	4	{1,-2,3,3,2,-1,2,-1,2,2,-3,-2,1}
12n_0465	5	{-1,2,-1,2,-3,-3,4,-2,3,3,-2,3,4,3}
12n_0466	3	{1,-2,-2,-2,1,-2,-1,2,-1,-2,-2,-2}
12n_0467	3	{1,-2,-2,-2,-2,1,1,2,2,2,2,2}
12n_0468	3	{1,2,2,2,2,1,1,-2,-2,-2,-2,-2}
12n_0469	4	{-1,-2,1,-2,-2,-3,1,-3,-2,3,-2,-1,2}
12n_0470	4	{1,-2,-2,-2,-2,3,3,2,2,2,1,-2,3}
12n_0471	4	{-1,2,2,2,2,3,3,-2,-2,-2,-1,2,3}
12n_0472	3	{1,2,2,2,2,1,1,2,2,2,2,2}
12n_0473	4	{1,2,2,2,2,3,3,2,2,2,1,-2,3}
12n_0474	4	{1,2,3,3,2,2,2,2,2,3,2,1,-2}
12n_0475	4	{1,2,3,3,-2,-2,-2,-2,-2,3,2,1,-2}
12n_0476	4	{-1,-2,3,3,2,2,2,2,2,3,-2,-1,2}
12n_0477	5	{-1,2,3,4,-3,4,2,2,3,2,3,1,1,2}
12n_0478	5	{1,-2,1,2,-3,2,-3,-4,-4,-3,2,4,3,3}
12n_0479	5	{-1,2,-3,-4,2,3,-4,3,-2,3,1,4,1,2}
12n_0480	5	{-1,2,3,-1,3,-4,-2,3,2,-4,2,-3}
12n_0481	5	{-1,2,3,-1,3,-4,3,-2,3,2,-4,-3}
12n_0482a	4	{1,-2,-3,1,-3,2,2,-1,-1,2,3,-2,1}
12n_0482b	4	{-1,2,-1,2,3,-2,-4,3,-2,3,3,-4}
12n_0483	4	{-1,2,3,3,-2,-2,1,1,-2,-3,2,-1,2}
12n_0484	4	{1,-2,-3,-3,2,2,2,1,-2,-3,1,-2,1}
12n_0485	4	{1,-2,-3,-3,2,-1,2,-3,1,1,1,-2,1}
12n_0486	4	{-1,-2,3,3,2,-1,2,1,-2,-2,3,-2,-1}
12n_0487	4	{-1,-2,3,3,2,2,1,1,2,3,-2,-1,2}
12n_0488	4	{1,-2,1,2,3,-2,3,2,-3,2,-3,-3,-3}
12n_0489	5	{-1,2,2,-3,1,-3,1,2,-3,4,2,-3,4,3}
12n_0490	5	{1,-2,-3,-3,-2,1,1,2,-3,-4,3,-4,2,3}
12n_0491	5	{1,-2,-3,-4,1,3,-4,-2,3,-2,-3,2,2,-3}
12n_0492	4	{-1,-2,3,3,2,2,-1,-1,2,3,-2,-1,2}
12n_0493	4	{1,-2,-2,1,1,-2,-2,3,3,-2,1,-2,-3}
12n_0494	5	{-1,2,3,-4,-1,2,3,2,-4,2,3,3}
12n_0495	5	{1,-2,3,-4,-2,1,1,2,-3,-3,-3,-2,3,-4}
12n_0496	5	{1,-2,3,4,1,2,-3,2,4,2,3,3}
12n_0497	5	{1,-2,-3,2,-3,-2,4,1,1,-2,-3,2,-3,4}
12n_0498	5	{-1,2,-3,4,4,-3,2,1,1,2,-3,-4,2,-3}
12n_0499	5	{-1,2,3,-4,-1,3,-4,-2,3,-2,-4,3}
12n_0500	4	{1,-2,3,-1,3,-1,-1,-1,2,-3,2,-1,-2}
12n_0501	5	{-1,2,-3,-2,3,-2,-3,1,-3,-4,3,1,2,-4}
12n_0502	4	{1,2,3,1,3,1,1,1,2,-3,2,1,2}
12n_0503	5	{-1,2,3,2,3,2,3,1,3,4,-3,1,2,4}
12n_0504	5	{-1,2,3,-4,-1,-4,3,2,3,-4,3,-4}
12n_0505	5	{-1,2,-3,-4,-1,-4,-3,2,-3,4,-3,4}
12n_0506	5	{-1,2,3,-1,-2,3,-4,3,3,-2,3,-4}
12n_0507	5	{-1,2,3,-4,-1,-2,-4,3,-2,-4,3,-4}
12n_0508	4	{1,2,2,3,1,3,-2,-2,1,1,-2,-3,1}
12n_0509	5	{-1,2,3,-1,3,-4,2,3,2,-4,2,3}
12n_0510	5	{-1,2,-3,-1,-3,-4,-2,3,-2,-4,-2,-3}
12n_0511	4	{-1,2,2,3,-1,3,-2,-2,1,-2,-1,2,-3}
12n_0512	4	{-1,-2,-3,1,-3,-2,-2,1,-2,3,-2,-1,2}
12n_0513	4	{-1,2,1,1,1,2,3,3,3,2,-1,2,-3}
12n_0514	4	{1,-2,-3,-3,-2,-2,-2,-1,2,3,-1,-2,1}
12n_0515	5	{-1,2,2,3,1,3,1,-2,3,4,-2,-3,4,3}
12n_0516	5	{-1,2,2,-3,4,1,1,2,-3,2,4,-3,4,3}
12n_0517	4	{1,-2,3,1,-2,-2,3,3,-2,-2,-2,3,2}
12n_0518	4	{-1,2,2,3,1,3,2,2,2,3,1,2,2}
12n_0519	5	{-1,2,-1,-2,3,-2,3,2,-3,2,-3,-4,3,-4}
12n_0520	5	{-1,2,-3,4,-1,-3,-4,-2,3,-2,-4,-3}
12n_0521	5	{-1,2,3,-4,-1,3,-4,2,3,2,-4,3}
12n_0522	4	{-1,2,-1,-2,-3,2,-3,-2,3,-2,-2,-2,3}
12n_0523	5	{1,-2,-3,-4,3,-4,2,2,-3,-2,3,-1,-1,-2}
12n_0524	6	{-1,2,3,-1,-2,3,4,-5,3,3,2,-3,4,3,-5}
12n_0525	6	{-1,2,-1,-2,-3,4,-5,2,3,3,-4,2,3,-4,-5}
12n_0526	4	{1,1,2,2,-3,1,-2,1,-2,-2,3,3,2}
12n_0527	5	{-1,2,3,3,2,1,1,2,-3,-4,2,3,-4,3}
12n_0528	4	{-1,-1,-2,-2,-3,-1,2,-1,-2,-2,-3,-3,2}
12n_0529	5	{-1,-2,3,-4,-2,-3,1,1,2,2,3,3,2,-4}
12n_0530	5	{-1,-2,3,-2,3,-2,4,1,1,-2,3,-2,3,4}
12n_0531	4	{1,2,2,3,1,3,-2,-2,-2,1,-2,-2,-3}
12n_0532	5	{-1,2,3,4,-1,2,-3,2,-3,4,-3,2,-3,-3}
12n_0533	4	{1,-2,1,2,3,3,-2,-2,3,-2,-2,3,3}
12n_0534	4	{-1,2,3,-1,3,-1,-2,1,-2,-3,2,-1,2}
12n_0535	5	{-1,2,-3,-1,-3,4,2,4,3,-4,-2,-2,3,-4}
12n_0536	4	{1,-2,-2,1,1,2,2,-3,-3,-2,1,-2,3}
12n_0537	5	{-1,2,3,4,-1,2,-3,2,4,-3,2,4,-3,-3}
12n_0538	4	{1,-2,1,2,3,3,-2,3,-2,3,-2,3,3}
12n_0539	4	{1,2,2,3,1,3,-2,-2,1,-2,1,-2,-3}
12n_0540	4	{-1,2,3,3,-2,1,-2,-3,-1,2,-1,2,2}
12n_0541	4	{-1,2,3,3,-2,1,-2,-3,-1,-1,-1,2,-1}
12n_0542	5	{-1,2,-3,4,-1,2,-3,-3,-4,3,-2,-3,-3,4}
12n_0543	4	{1,-2,-3,-3,-2,1,-2,3,-1,-1,-1,-2,1}
12n_0544	4	{-1,2,2,-3,1,-3,1,-2,1,-2,3,2,2}
12n_0545	5	{-1,2,2,3,-4,3,1,1,-2,3,-2,4,4,3}
12n_0546	4	{-1,-1,-1,2,3,3,-2,1,-2,-3,-1,2,-1}
12n_0547	5	{-1,2,3,-1,-2,-3,4,-3,-2,4,-3,4,3,-2}
12n_0548	4	{1,-2,-3,-3,-2,1,2,2,2,-3,-2,1,-2}
12n_0549	4	{1,-2,1,2,-3,2,2,3,1,3,-2,1,-2}
12n_0550	5	{-1,-2,-3,-3,-2,1,1,-2,3,-4,3,-4,-2,3}
12n_0551	5	{-1,2,3,-1,3,-4,3,2,3,-4,3,3,2,4}
12n_0552	5	{-1,2,-3,-1,-3,-4,2,3,2,-4,3,-4}
12n_0553	5	{-1,-2,1,-2,3,-4,3,2,-1,2,-3,4,-3,-4}
12n_0554	6	{-1,-2,-2,3,-4,5,4,-3,2,-1,4,-2,-5,-2,3,2,-4}
12n_0555	5	{1,-2,-3,-4,3,-4,-3,-2,-1,-1,2,2,3,-4,3,-2}
12n_0556	5	{1,2,-1,2,3,-4,3,-2,1,-2,-3,4,-3,4}
12n_0557	5	{-1,2,2,3,1,3,-4,1,2,2,3,-2,-4,3}
12n_0558	5	{1,-2,1,2,3,4,4,3,2,2,-3,4,-3,-3,-3,-4}
12n_0559	4	{1,-2,3,3,-2,1,1,1,-2,-3,1,-2,1}
12n_0560	4	{1,-2,3,3,-2,-2,1,1,-2,-3,-2,1,-2}
12n_0561	5	{-1,-2,3,3,-2,1,1,-2,3,4,-3,4,-2,3}
12n_0562	5	{-1,2,3,-1,3,-2,3,-4,-3,-3,2,2,3,-4}
12n_0563	5	{-1,2,2,3,1,3,1,2,-3,-4,2,3,-4,-3}
12n_0564	5	{-1,-2,-3,-3,-4,-2,1,1,-2,3,-2,-4,-4,3}
12n_0565	4	{-1,-1,-1,2,-3,-3,2,-1,2,3,-1,2,-1}
12n_0566	5	{1,-2,3,-4,-2,3,4,-3,-2,3,-1,4,-1,-2}
12n_0567	4	{1,-2,3,3,-2,1,-2,1,-2,-2,-3,-2,1}
12n_0568	4	{1,-2,3,3,-2,1,1,-2,1,-2,-3,-2,1}
12n_0569	4	{-1,-1,-1,2,2,3,-1,3,-1,-2,1,-2,-3}
12n_0570	3	{-1,-2,-2,-2,-2,-2,-2,-1,-1,2,2,2}
12n_0571	3	{1,-2,-2,-2,-2,-2,-2,1,1,2,2,2}
12n_0572	4	{-1,2,-3,-1,-3,-2,3,-2,-2,1,-2,1,-2}
12n_0573	4	{1,-2,1,2,2,-3,1,-3,-2,3,-2,1,-2}
12n_0574	3	{1,2,2,2,2,2,2,1,1,2,2,2}
12n_0575	4	{1,2,3,3,2,2,2,3,2,2,2,1,-2}
12n_0576	4	{1,-2,3,1,3,3,2,2,2,3,3,3,2}
12n_0577	4	{1,-2,1,2,3,-2,3,2,2,2,-3,2,-3}
12n_0578	4	{-1,2,2,-3,1,-3,-2,-2,-2,3,1,2,2}
12n_0579	5	{-1,2,3,-1,3,-4,2,-3,2,-4,-3,-4}
12n_0580	5	{-1,2,2,-3,1,-3,1,-2,3,-4,-2,3,-4,-3}
12n_0581	5	{1,2,3,4,-2,-3,4,3,2,1,1,2,2,2}
12n_0582	5	{1,-2,1,2,3,4,-2,4,3,2,-3,-4,2,-3}
12n_0583	5	{-1,2,-3,4,-1,-3,4,4,3,3,4,-2,3,-2}
12n_0584	5	{1,-2,1,2,-3,4,-2,4,3,3,-2,-4,-3,4}
12n_0585	5	{1,-2,1,2,3,4,2,4,3,2,3,-4,2,3}
12n_0586	5	{-1,2,-3,-1,-3,4,2,-3,4,-3,2,2,3,-4}
12n_0587	5	{1,-2,-3,-3,4,-2,-1,-1,2,-3,2,4,4,3}
12n_0588	4	{1,-2,3,-1,3,2,-1,2,-3,-1,2,-1,-2}
12n_0589	4	{1,-2,1,2,3,3,3,2,-1,2,-3,2,2}
12n_0590	4	{-1,2,3,-1,3,3,3,3,2,-3,2,3,3}
12n_0591	4	{1,2,3,3,2,2,1,1,2,3,2,1,-2}
12n_0592	4	{-1,2,-3,-1,-3,-3,-3,-3,-2,3,-2,3,3}
12n_0593	5	{1,-2,1,2,-3,4,2,4,3,3,2,-4,3,-4}
12n_0594	4	{1,2,3,3,2,2,1,1,2,-3,2,1,-2}
12n_0595	5	{-1,2,-1,-2,-3,4,-2,4,-3,2,-3,4,-2,-3}
12n_0596	5	{1,-2,-3,1,-3,1,4,-2,-3,-2,4,-3,-3,-4}
12n_0597	4	{1,-2,3,-1,3,2,2,-1,2,-3,2,-1,-2}
12n_0598	5	{-1,2,2,1,1,2,-3,4,-2,-3,-2,4,-3,4}
12n_0599	4	{1,2,3,3,-2,1,-2,-2,-2,-3,1,2,1}
12n_0600	5	{1,-2,3,1,3,2,2,3,4,-3,4,2,3,2}
12n_0601	5	{1,2,3,3,-4,2,-1,-1,2,3,3,3,2,-4,-4,-3}
12n_0602	5	{-1,2,3,-1,-2,3,3,-4,3,2,3,-4,3,-2}
12n_0603	4	{1,2,3,1,3,-2,1,-2,-3,1,2,1,2}
12n_0604	3	{-1,2,2,-1,-1,2,-1,-1,-2,-2,-2,-2}
12n_0605	4	{-1,2,2,-3,1,-3,-2,-2,-2,-3,1,2,2}
12n_0606	4	{1,-2,-1,2,-1,-2,3,-2,1,-2,-3,-3,-2}
12n_0607	4	{1,-2,1,2,-3,2,-3,-2,3,-2,-3,-3,-3}
12n_0608	5	{-1,2,-1,-2,-3,2,-3,-2,3,-2,3,4,-3,4}
12n_0609	4	{1,-2,3,1,3,-2,3,2,2,-3,2,2,-3}
12n_0610	4	{1,-2,3,1,3,-2,-2,3,2,-3,2,-3,-3}
12n_0611	5	{-1,2,3,4,-1,-2,3,3,3,-2,-3,4,3,-2}
12n_0612	5	{-1,2,-3,4,-1,2,4,3,-4,3,4,4}
12n_0613	5	{-1,-2,-3,-3,4,-2,1,1,2,-3,2,4,4,-3}
12n_0614	5	{-1,2,-3,4,-1,-3,2,-3,2,4,3,3}
12n_0615	5	{1,2,3,3,2,-1,-1,-2,3,-4,3,-4,-2,3}
12n_0616	5	{-1,2,3,-1,3,-4,-2,3,-2,-4,3,-4}
12n_0617	5	{-1,2,-3,-1,-3,-4,-2,3,-2,-4,3,-4}
12n_0618	5	{-1,2,3,-1,3,-4,2,3,2,-4,3,-4}
12n_0619	5	{-1,2,-3,-1,-3,-4,2,-3,2,-4,-3,-4}
12n_0620	5	{-1,2,3,-1,3,4,2,-3,2,4,-3,4}
12n_0621	5	{-1,-2,-3,-3,-4,-2,1,1,-2,3,-2,-4,3,-2}
12n_0622	5	{1,-2,3,-4,-2,3,-1,-1,2,2,3,3,2,-4}
12n_0623	5	{-1,2,3,-4,-1,2,3,3,3,2,3,-4,3,-2}
12n_0624	4	{-1,2,-1,-2,3,3,2,2,3,3,2,2,3}
12n_0625	5	{1,-2,1,2,-3,4,-2,4,-3,-2,-3,4,-2,-3}
12n_0626	5	{-1,2,-3,-4,-1,-3,-2,-2,3,-2,3,-4,-3,-3}
12n_0627	4	{1,1,2,3,-1,2,-1,-2,-2,3,3,-2,-2}
12n_0628	5	{-1,2,3,-1,-2,3,-2,-4,3,-2,3,-4}
12n_0629	5	{-1,2,-3,-1,2,-3,-2,-4,3,-2,3,-4}
12n_0630	5	{-1,2,3,-1,-2,3,-2,4,3,-2,3,4}
12n_0631	5	{-1,2,-3,-1,2,-3,2,4,3,-2,3,4}
12n_0632	5	{-1,2,-3,-1,2,-3,2,-4,-3,2,-3,-4}
12n_0633	4	{1,-2,3,3,-2,1,-2,-3,1,-2,1,-2,-2}
12n_0634	5	{-1,2,3,-1,-2,3,-4,3,-2,3,3,-4}
12n_0635	5	{1,2,3,3,-4,2,-1,-1,-2,3,-2,-4,3,-2}
12n_0636	5	{-1,2,-3,4,-1,3,3,4,2,-3,4,-3}
12n_0637	5	{-1,2,3,-4,-1,3,3,2,-3,4,4,3,3,-4}
12n_0638	4	{1,2,2,-3,1,1,2,2,3,3,2,1,-2}
12n_0639	4	{1,2,3,3,-2,1,1,1,-2,-3,1,2,1}
12n_0640	3	{-1,2,2,1,1,2,2,2,2,1,1,2}
12n_0641	4	{-1,2,-3,-1,-3,-3,-2,3,-2,-2,-2,3,3}
12n_0642	5	{1,-2,-3,4,-1,-3,-4,-2,1,-2,-1,-3,4,-3,-2,-4}
12n_0643	5	{-1,2,3,3,2,1,1,-2,3,4,-3,4,-2,3}
12n_0644	4	{1,2,2,2,3,1,3,1,2,-3,2,1,-2}
12n_0645	5	{-1,2,3,-1,-2,-3,-4,-3,2,-4,3,-4,3,-2}
12n_0646	4	{1,-2,3,1,3,3,2,2,-3,2,-3,-3,-3}
12n_0647	3	{-1,2,2,1,1,2,2,1,1,2,2,2}
12n_0648	4	{-1,2,3,-1,3,3,2,-3,2,3,3,3,3}
12n_0649	4	{1,-2,3,3,2,2,1,1,2,-3,-2,1,-2}
12n_0650	4	{1,-2,3,3,2,2,-1,-1,2,-3,-2,1,-2}
12n_0651	5	{-1,2,-3,4,-1,2,3,3,3,2,4,-3,-2,4}
12n_0652	4	{1,1,2,2,3,-1,2,-1,-2,-2,3,3,-2}
12n_0653	4	{-1,2,3,-1,3,3,2,2,2,-3,2,3,3}
12n_0654	5	{1,-2,1,2,-3,4,2,4,3,2,3,-4,2,-3}
12n_0655	4	{1,-2,1,2,3,3,2,2,3,3,2,2,-3}
12n_0656	5	{-1,2,-1,-2,-3,-4,-2,-4,3,3,-2,-4,3,4}
12n_0657	4	{1,-2,3,1,3,3,2,-3,2,-3,-3,-3,-3}
12n_0658	4	{1,-2,3,1,3,3,2,2,2,-3,2,-3,-3}
12n_0659	5	{-1,2,3,-1,3,3,2,-3,2,3,3,4,-3,4}
12n_0660	4	{-1,2,-3,-3,-2,-2,-3,-1,-3,-2,3,-2,-2}
12n_0661	5	{-1,2,3,-1,3,4,-2,-3,4,-3,2,2,3,4}
12n_0662	5	{-1,2,-1,-2,-3,4,2,2,-3,-3,2,2,3,4}
12n_0663	5	{-1,2,3,-4,-1,2,3,3,3,2,-4,3,-2,-4}
12n_0664	5	{-1,2,3,-4,-1,3,-4,2,3,-4,3,-4}
12n_0665	5	{-1,-2,-2,-1,-1,-2,3,-4,2,3,2,-4,3,-4}
12n_0666	3	{1,-2,1,-2,1,-2,1,2,2,2,2,2}
12n_0667	4	{1,-2,3,1,3,2,-3,2,2,1,-2,1,-2}
12n_0668	4	{1,-2,3,1,3,2,2,2,1,-3,-2,1,-2}
12n_0669	5	{1,-2,-3,1,2,3,4,-3,2,4,-3,4,-3,2}
12n_0670	4	{-1,-2,-2,-1,-1,-1,2,3,2,2,-1,3,3}
12n_0671	4	{1,-2,-2,1,1,1,2,3,2,2,1,3,3}
12n_0672	5	{1,-2,-2,3,-4,-3,1,1,2,-3,-3,-2,-4,-3,-3,2}
12n_0673	4	{-1,-1,-1,-2,-2,-1,2,3,2,2,-1,3,3}
12n_0674	3	{1,1,1,-2,-2,1,1,2,2,2,2,2}
12n_0675	3	{1,1,1,2,2,1,1,-2,-2,-2,-2,-2}
12n_0676	5	{1,2,2,-3,-4,3,1,-4,-3,1,-2,-2,-3,2}
12n_0677	4	{-1,2,3,1,3,1,1,1,2,-3,2,-1,2}
12n_0678	4	{1,-2,-3,1,-3,-2,3,-2,1,2,2,2,2}
12n_0679	3	{1,1,1,2,2,1,1,2,2,2,2,2}
12n_0680	4	{1,-2,1,2,2,2,3,3,2,2,3,3,3}
12n_0681	4	{-1,-1,-2,-2,-1,-1,2,3,2,2,-1,3,3}
12n_0682	4	{1,1,-2,-2,1,1,2,3,2,2,1,3,3}
12n_0683	3	{-1,2,-1,2,-1,-1,-1,-2,1,-2,-2,-2}
12n_0684	3	{-1,2,-1,2,-1,-1,-1,2,-1,-2,-2,-2}
12n_0685	4	{-1,2,-1,-2,3,3,-2,-2,-3,-3,-2,-2,3}
12n_0686	4	{1,-2,1,2,3,-2,3,3,3,-2,3,-2,3}
12n_0687	5	{-1,2,-1,-2,3,4,-2,4,-3,-3,-2,-4,3,-4}
12n_0688	3	{1,1,1,2,2,2,2,1,1,2,2,2}
12n_0689	4	{1,2,2,2,3,1,3,1,1,2,-3,2,1}
12n_0690	5	{1,2,2,-3,1,-3,1,-2,3,-4,-2,3,-4,-3}
12n_0691	4	{1,2,3,3,2,1,1,1,2,-3,2,2,1}
12n_0692	4	{1,2,3,3,2,2,1,1,1,2,-3,2,1}
12n_0693	5	{1,2,2,-3,1,1,2,2,3,3,4,-2,-3,4}
12n_0694	4	{1,2,2,3,1,1,2,2,3,3,2,1,-2}
12n_0695	4	{-1,-2,1,-2,-1,3,-1,3,3,-2,-1,3,3}
12n_0696	5	{1,2,2,-3,4,1,1,2,-3,2,4,-3,4,3}
12n_0697	5	{1,2,2,-3,1,-3,1,2,-3,4,2,-3,4,3}
12n_0698	4	{-1,-2,-3,-3,-2,1,-2,3,1,-2,-2,-2,-1}
12n_0699	5	{-1,2,-1,-2,3,-2,-3,-4,-4,-3,2,-3,4,-3}
12n_0700	4	{1,-2,1,-2,-3,-3,-3,-3,-2,-1,-1,-2,3}
12n_0701	5	{1,-2,-3,-4,3,-4,-3,2,-3,-1,4,-3,-1,-2}
12n_0702	4	{-1,2,3,3,2,-1,-2,-2,-2,-3,2,-1,2}
12n_0703	4	{1,-2,1,2,3,-2,3,-2,3,-2,3,3,3}
12n_0704	5	{-1,2,-3,4,-1,-3,2,-3,-2,3,4,-3,-2,4}
12n_0705	5	{1,-2,-3,4,1,-2,-2,3,-2,3,3,4,-3,2}
12n_0706	5	{1,2,-3,-4,1,2,-3,1,2,-4,-3,-4}
12n_0707	3	{1,-2,-2,-2,-1,2,-1,2,-1,-2,-2,-2}
12n_0708	3	{1,-2,-2,-2,1,-2,1,2,-1,2,2,2}
12n_0709	3	{1,-2,-2,-2,1,-2,1,-2,1,2,2,2}
12n_0710	4	{-1,2,-1,-2,3,3,2,2,-3,-3,2,2,3}
12n_0711	4	{1,-2,1,2,3,-2,3,-2,3,-2,-2,-2,3}
12n_0712	4	{1,-2,3,3,-2,1,-2,-2,-2,-3,-2,1,-2}
12n_0713	4	{-1,-1,-1,2,-3,-3,2,-1,2,3,2,-1,2}
12n_0714	4	{-1,2,-1,2,3,2,-1,-2,-2,3,3,2,2}
12n_0715	5	{1,-2,-3,4,2,3,-4,3,-2,3,-1,4,-1,-2}
12n_0716	4	{1,-2,3,1,3,1,-2,1,-2,-3,-2,1,-2}
12n_0717	4	{1,1,-2,-2,3,-1,2,-1,-2,-2,-3,-3,-2}
12n_0718	4	{1,2,-1,2,1,-2,3,-2,1,-2,-3,-3,-2}
12n_0719	4	{1,-2,1,2,-3,2,-3,2,-3,2,3,3,3}
12n_0720	5	{-1,2,-3,4,2,3,1,3,1,-2,3,-2,3,4}
12n_0721	3	{-1,-2,-2,-1,-1,-1,-1,2,2,2,2,2}
12n_0722	3	{1,-2,-2,1,1,1,1,2,2,2,2,2}
12n_0723	4	{-1,-2,-3,1,-3,1,1,1,-2,3,-2,-1,2}
12n_0724	4	{1,-2,3,1,3,1,1,1,2,-3,2,-1,2}
12n_0725	3	{1,2,2,1,1,1,1,2,2,2,2,2}
12n_0726	5	{-1,2,-3,2,3,-2,3,1,3,4,-3,1,2,4}
12n_0727	5	{-1,2,3,4,-1,2,2,-3,4,-2,-2,3,-2,3}
12n_0728	4	{-1,2,3,2,3,-1,-1,2,-3,2,-1,2,3}
12n_0729	4	{-1,2,3,2,3,1,1,2,-3,2,-1,2,3}
12n_0730	4	{1,2,3,2,3,-1,-1,2,-3,2,1,-2,3}
12n_0731	5	{1,2,-3,-4,2,2,3,-1,-1,-2,3,-2,-4,-3}
12n_0732	5	{-1,2,3,-4,-1,-2,3,4,4,3,2,2,3,-4}
12n_0733	5	{1,-2,1,2,3,-2,3,-2,3,-2,3,4,-3,4}
12n_0734	4	{1,2,3,3,2,-1,2,2,2,-3,-1,2,1}
12n_0735	5	{1,-2,1,2,3,3,4,4,3,2,-3,2,3,-4,-2,-3}
12n_0736	5	{1,-2,-3,4,1,-2,-2,-3,4,-3,2,-3,-4,-4}
12n_0737	4	{1,2,3,-1,3,2,-1,2,-3,-1,2,1,-2}
12n_0738	4	{-1,2,2,1,1,2,2,3,3,2,-1,2,-3}
12n_0739	4	{-1,-2,-2,-1,-1,-2,-2,3,3,2,-1,2,-3}
12n_0740	4	{1,-2,3,-1,3,2,-1,2,-3,-1,-2,1,-2}
12n_0741	4	{1,-2,3,3,-2,1,-2,-3,-2,1,-2,-2,-2}
12n_0742	4	{1,1,-2,-2,-1,-1,-2,3,-2,1,-2,-3,-3}
12n_0743	5	{-1,2,-1,-2,3,4,-2,4,-3,2,-3,-4,-2,3}
12n_0744	5	{-1,2,3,3,2,1,1,-2,3,4,-2,-3,4,3}
12n_0745	5	{-1,2,-1,-2,3,-4,2,-4,-3,2,-3,4,2,3}
12n_0746	5	{-1,2,-1,-2,-3,-4,2,-4,-3,2,-3,4,2,-3}
12n_0747	3	{1,-2,-2,-1,-1,2,2,-1,-1,-2,-2,-2}
12n_0748	3	{1,-2,-2,1,1,-2,-2,1,1,2,2,2}
12n_0749	3	{1,2,2,1,1,2,2,1,1,-2,-2,-2}
12n_0750	3	{1,-2,-2,1,1,2,2,1,1,2,2,2}
12n_0751	3	{1,-2,-2,1,1,2,2,1,1,-2,-2,-2}
12n_0752	4	{-1,2,-1,-2,3,-2,3,2,2,2,3,-2,3}
12n_0753	4	{-1,2,1,1,2,-3,2,-1,2,2,3,3,2}
12n_0754	4	{1,-2,1,2,3,-2,3,-2,-2,-2,3,-2,3}
12n_0755	5	{1,-2,1,2,3,-2,3,2,2,-3,2,-4,3,-4}
12n_0756	5	{-1,2,-1,-2,3,3,4,2,2,-3,-2,4,-2,3}
12n_0757	5	{-1,-2,3,-4,2,2,3,1,1,-2,3,-2,-4,3}
12n_0758	5	{-1,2,-3,4,2,3,1,1,2,2,3,3,2,4}
12n_0759	5	{-1,2,3,3,2,1,1,2,-3,-4,2,3,-4,-3}
12n_0760	5	{-1,-2,3,2,-3,2,-4,1,1,2,-3,2,-3,-4}
12n_0761	5	{-1,2,3,-4,-1,3,2,2,3,3,-4,2,3,-2}
12n_0762	5	{-1,2,-1,-2,3,3,-4,2,2,3,2,-4,2,3}
12n_0763	5	{1,-2,-3,2,-3,-2,4,-3,-1,-1,2,2,3,3,-2,4}
12n_0764	4	{1,1,2,2,-3,1,-2,1,2,2,3,3,2}
12n_0765	5	{1,-2,-3,1,2,3,3,-4,3,2,2,3,3,-4}
12n_0766	5	{-1,2,3,4,-1,4,3,3,2,-3,2,-4,3,3}
12n_0767	3	{1,-2,1,1,1,-2,-2,-1,-1,-1,-1,-2}
12n_0768	4	{-1,2,-1,-2,-3,-3,2,2,-3,-2,-2,3,3}
12n_0769	4	{-1,-2,-3,-3,-2,-2,1,1,-2,3,-2,-1,2}
12n_0770	4	{-1,2,3,3,2,2,1,1,2,-3,2,-1,2}
12n_0771	4	{1,-2,-3,1,-3,-2,-2,-1,-1,-2,3,-2,1}
12n_0772	4	{1,-2,-3,1,-3,2,2,1,1,-2,3,-2,1}
12n_0773	4	{1,-2,-2,3,3,-2,1,-2,-2,-2,-3,-2,-2}
12n_0774	5	{-1,2,-3,4,-1,-3,-3,2,-3,-2,3,4,-3,-2}
12n_0775	5	{1,2,3,3,-4,2,3,-1,-1,-2,3,-4,3,-2}
12n_0776	5	{1,2,3,2,3,2,-4,-1,-1,-2,3,-2,3,-4}
12n_0777	4	{-1,-2,-3,-3,-2,1,1,1,-2,3,1,-2,-1}
12n_0778	4	{-1,2,3,-1,3,3,2,2,3,3,-2,3,-2}
12n_0779	4	{-1,2,3,3,-2,1,-2,3,-1,2,-1,2,2}
12n_0780	5	{-1,2,3,-4,-1,2,-4,2,3,-2,3,4,-3,4}
12n_0781	4	{-1,2,3,2,3,-1,-1,2,-3,-1,2,3,-1}
12n_0782	4	{1,-2,-2,3,1,3,1,-2,1,-2,-3,-2,-2}
12n_0783	5	{-1,2,-3,4,-1,2,2,3,3,4,2,-3,-2,4}
12n_0784	5	{-1,2,3,-4,-1,2,2,3,3,-4,2,3,-2,-4}
12n_0785	5	{1,-2,-3,-3,-2,-1,-1,-2,3,4,-3,4,-2,3}
12n_0786	5	{-1,2,-3,-3,2,1,1,2,-3,4,2,-3,4,3}
12n_0787	4	{1,-2,1,2,3,-2,-2,3,-2,-2,3,3,3}
12n_0788	5	{1,-2,1,2,-3,-3,2,2,3,4,-2,-2,-3,4}
12n_0789	5	{1,-2,1,2,3,3,-4,-2,-3,-3,-4,-2,3,-4}
12n_0790	4	{-1,2,-3,2,-3,-2,3,-1,2,-3,-1,2,2}
12n_0791	4	{1,2,3,3,-2,1,1,-2,1,-2,-3,2,1}
12n_0792	4	{1,-2,1,2,3,-2,-2,-2,-2,3,-2,-2,3}
12n_0793	4	{-1,2,3,-1,3,3,3,2,-3,-3,2,2,3}
12n_0794	5	{-1,2,3,4,-1,-2,-2,3,3,4,-2,3,-2,-4}
12n_0795	5	{-1,2,-3,-4,3,-4,2,2,3,-2,3,1,1,2}
12n_0796	4	{1,2,2,2,3,3,2,-1,2,-3,-1,2,1}
12n_0797	5	{-1,2,-3,2,3,-2,4,-3,1,4,3,1,2,-3,2,3}
12n_0798	5	{1,-2,-3,2,-3,-2,4,-1,-1,2,-3,2,-3,4}
12n_0799	5	{-1,2,-3,2,-3,2,4,1,1,-2,3,-2,3,4}
12n_0800	4	{-1,-2,-3,-3,2,-1,2,-1,2,2,3,-2,-1}
12n_0801	4	{1,2,-1,2,3,-2,1,3,2,-3,2,3,3}
12n_0802	4	{-1,2,-3,-1,2,2,-3,-3,-2,3,-2,3,3}
12n_0803	4	{1,-2,3,1,-2,3,3,-2,3,3,-2,3,2}
12n_0804	4	{1,-2,-2,3,1,3,2,2,2,-3,1,-2,-2}
12n_0805	5	{1,-2,-3,1,2,3,4,-3,2,-3,4,-3,-3,2}
12n_0806	4	{1,1,2,2,1,1,-2,-3,2,-1,2,3,3,2,2}
12n_0807	4	{1,-2,1,2,3,2,-1,3,2,-3,2,3,3}
12n_0808	4	{-1,-2,-3,-3,2,2,-1,2,3,3,2,2,3}
12n_0809	5	{-1,2,3,4,-1,2,2,2,-3,2,-3,-2,4,-2,3,2}
12n_0810	5	{-1,2,-3,4,-1,-2,4,3,-2,3,3,-4,3,-4}
12n_0811	4	{-1,2,1,-2,3,-2,1,3,2,-3,2,3,3}
12n_0812	4	{-1,-2,1,-2,3,-2,-1,3,2,-3,2,3,3}
12n_0813	5	{-1,2,-3,4,-1,-2,4,-2,3,-2,3,-4,3,-4}
12n_0814	5	{1,2,3,3,4,2,-3,-1,4,3,-1,2,-3,2,-3,4}
12n_0815	4	{-1,2,-3,-2,3,1,1,2,-3,2,-1,2,-3}
12n_0816	5	{-1,2,-3,-4,-1,3,3,-2,-2,3,-4,3,-2,3}
12n_0817	4	{-1,2,3,-1,3,2,-3,-3,-3,-3,2,2,3}
12n_0818	5	{-1,2,-1,-2,3,-4,2,2,3,-4,-3,2,2,3}
12n_0819	4	{1,-2,-3,1,-3,1,2,-1,2,3,1,-2,1}
12n_0820	3	{1,-2,-2,-1,-1,2,-1,-1,-2,-2,-2,-2}
12n_0821	3	{1,2,2,-1,-1,2,1,1,-2,-2,-2,-2}
12n_0822	3	{1,-2,-2,1,1,2,-1,-1,2,2,2,2}
12n_0823	4	{-1,2,-1,-2,3,-2,-2,-3,-3,-3,-2,-2,3}
12n_0824	4	{-1,2,3,-1,2,2,3,3,-2,-2,-2,3,-2}
12n_0825	4	{1,-2,1,-2,-2,3,1,3,2,-3,2,-1,2}
12n_0826	5	{1,-2,-3,4,1,-2,3,-2,3,3,3,4,-3,2}
12n_0827	4	{1,-2,1,2,3,-2,3,3,-2,3,-2,-2,3}
12n_0828	4	{-1,2,-3,-3,2,-1,2,3,2,2,-1,2,-1}
12n_0829	3	{1,-2,-2,-1,-1,2,2,2,-1,-1,-2,-2}
12n_0830	3	{1,-2,-2,1,1,2,2,2,1,1,2,2}
12n_0831	3	{1,-2,-2,1,1,2,2,2,1,1,-2,-2}
12n_0832	4	{1,-2,1,2,-3,-3,-2,-2,3,-2,-2,-3,-3}
12n_0833	4	{1,-2,-2,1,-2,-2,-3,1,-3,2,-1,2,3}
12n_0834	5	{1,-2,1,2,3,-2,3,4,4,3,-2,3,3,-4}
12n_0835	4	{-1,-2,-3,2,-3,1,1,-2,3,-2,-1,2,3}
12n_0836	4	{1,1,2,2,-3,-1,2,-1,2,2,3,3,2}
12n_0837	5	{-1,2,3,-4,-1,2,3,-1,2,-4,3,-4}
12n_0838	5	{1,2,-3,4,-1,2,3,1,-2,-4,3,4}
12n_0839	5	{-1,2,-3,-4,-1,2,-3,-1,2,-4,-3,-4}
12n_0840	5	{-1,-2,3,-4,-1,3,-2,-1,3,-2,-4,3}
12n_0841	5	{1,-2,1,2,3,-4,3,-2,-4,-3,-3,-2,-4,3}
12n_0842	5	{-1,-2,-3,-3,4,-2,-3,1,4,1,2,-3,2,4}
12n_0843	5	{1,-2,3,-4,1,3,2,-3,2,3,-4,3,2,-4}
12n_0844	6	{1,2,-3,-4,-3,2,1,-3,-4,-3,5,4,-2,-3,4,3,-5}
12n_0845	4	{1,-2,3,3,-2,1,1,1,-2,-3,-2,1,-2}
12n_0846	5	{-1,-2,3,-2,3,-2,1,1,-2,3,4,-3,-2,4}
12n_0847	5	{-1,2,-3,2,-3,2,1,1,-2,3,4,-3,-2,4}
12n_0848	4	{1,-2,3,3,2,1,1,1,2,-3,-2,1,-2}
12n_0849	4	{-1,2,3,3,2,1,1,1,2,-3,2,-1,2}
12n_0850	3	{-1,2,2,2,2,1,1,2,2,1,1,2}
12n_0851	4	{1,-2,1,2,2,3,3,2,2,3,-2,3,2}
12n_0852	4	{1,-2,3,-2,3,-2,3,2,1,-2,3,-2,-2}
12n_0853	4	{-1,-1,-2,-2,-3,-1,2,-1,2,2,3,3,2}
12n_0854	5	{-1,-2,3,-4,2,2,3,1,3,-4,1,2,3,-4}
12n_0855	4	{1,1,1,-2,-2,3,3,-2,1,-2,-3,-2,-2}
12n_0856	5	{-1,-2,-2,-3,4,3,-2,-2,1,1,-2,3,-2,4}
12n_0857	5	{1,-2,1,2,-3,4,-3,-2,4,-3,-3,-2,4,-3}
12n_0858	5	{1,-2,1,2,3,-4,-2,-4,-3,-3,-2,-4,3,-4}
12n_0859	5	{1,-2,1,2,-3,4,-2,4,-3,-3,-2,4,-3,4}
12n_0860	4	{-1,-2,-2,1,-2,-2,3,-1,3,2,-1,2,-3}
12n_0861	4	{-1,2,3,3,2,1,-2,1,2,2,-3,2,-1}
12n_0862	4	{1,2,3,3,2,-1,-1,2,-1,2,-3,2,1}
12n_0863	4	{1,2,3,3,2,-1,2,-1,2,2,-3,2,1}
12n_0864	4	{1,-2,-3,-3,2,2,-3,1,2,-3,2,2,2}
12n_0865	4	{1,-2,-3,-3,2,2,-3,1,-3,-3,2,-3,2}
12n_0866	4	{1,-2,3,-2,3,-2,3,2,1,2,-3,-2,-2}
12n_0867	4	{-1,-1,2,-1,-1,-2,3,-2,1,-2,-3,-3,-2}
12n_0868	4	{-1,2,3,-2,3,1,1,-2,3,-2,-1,2,-3}
12n_0869	5	{1,-2,3,4,1,-3,-3,4,2,2,-3,4,2,-3}
12n_0870	5	{1,-2,1,2,3,3,4,-2,-3,-3,4,-2,-3,4}
12n_0871	5	{1,2,-1,2,-3,4,2,3,1,3,2,-3,4,-3}
12n_0872	5	{1,-2,1,2,-3,-3,4,-2,-3,-3,4,-2,-3,4}
12n_0873	5	{1,2,-3,-4,2,-3,1,2,-3,2,-4,-3}
12n_0874	4	{1,2,3,-2,3,-2,1,-2,1,3,-2,1,-3}
12n_0875	4	{1,-2,1,2,3,-2,-2,3,3,3,-2,-2,3}
12n_0876	5	{1,-2,1,2,3,4,-2,-2,-3,4,3,-2,-2,3}
12n_0877	5	{-1,2,-3,-4,2,-3,-1,2,-3,2,-4,-3}
12n_0878	5	{-1,-2,-3,-3,-4,-2,3,1,1,-2,3,4,4,3,2,2}
12n_0879	4	{-1,2,-3,-1,2,-3,2,-3,-3,-2,-2,3,3}
12n_0880	4	{1,-2,-3,1,-3,2,-1,2,3,1,-2,1,-2}
12n_0881	5	{-1,2,3,-2,3,2,4,1,4,1,3,2,-3,2,3,-4}
12n_0882	3	{1,-2,-2,-2,-1,-1,2,-1,-1,-2,-2,-2}
12n_0883	4	{-1,2,-3,-3,2,-1,2,3,2,2,2,-1,2}
12n_0884	5	{1,-2,1,2,3,-2,3,-4,2,-4,-3,2,-3,4}
12n_0885	5	{-1,2,-3,4,-1,3,-2,-3,2,4,-3,2,-3,4}
12n_0886	5	{1,-2,1,2,3,-2,3,4,-2,4,3,-2,3,-4}
12n_0887	3	{1,-2,1,-2,1,-2,1,1,2,2,2,1}
12n_0888	3	{1,1,1,2,2,2,1,1,1,2,2,2}
