12a_1201	4	{-1,2,-1,-1,-1,2,-3,2,-1,2,2,3,3}
12a_1202	7	{-1,2,-1,2,-3,-2,4,-3,-2,5,4,-3,4,-5,6,-5,4,6}
12a_1203	3	{1,-2,-2,-2,1,1,-2,1,1,-2,-2,-2}
12a_1204	4	{-1,2,-1,-2,3,-2,-2,-2,3,3,-2,3,3}
12a_1205	5	{-1,2,-1,-2,3,-2,3,-4,2,3,-4,-2,3,-2,3,3}
12a_1206	5	{-1,2,2,3,-4,3,2,-4,2,1,1,2,-3,4,2,-3}
12a_1207	4	{-1,2,3,3,2,-1,2,-3,2,2,2,-1,2}
12a_1208	5	{-1,-2,3,-2,3,-2,3,4,1,-3,1,4,3,2,-3,2}
12a_1209	3	{-1,-1,-1,2,-1,2,-1,2,-1,2,2,2}
12a_1210	3	{1,-2,1,-2,-2,-2,1,-2,1,-2,-2,-2}
12a_1211	3	{-1,2,-1,2,-1,2,-1,2,2,-1,-1,2}
12a_1212	3	{1,-2,1,-2,1,-2,1,-2,1,1,1,-2}
12a_1213	4	{1,-2,-3,1,2,-3,2,-3,2,-3,2,-3,2}
12a_1214	3	{1,1,1,1,1,-2,1,1,1,1,1,-2}
12a_1215	3	{1,1,1,-2,1,-2,-2,1,1,1,1,-2}
12a_1216	4	{-1,-1,-1,2,-1,2,-1,-3,2,-1,2,3,3}
12a_1217	5	{-1,2,-1,-2,3,-2,3,4,-2,4,3,-2,3,-4}
12a_1218	3	{-1,2,-1,2,2,2,2,-1,-1,-1,-1,2}
12a_1219	3	{1,1,1,-2,1,-2,-2,1,-2,-2,-2,-2}
12a_1220	3	{1,-2,1,-2,-2,-2,-2,1,-2,-2,-2,-2}
12a_1221	3	{1,1,1,-2,1,-2,1,1,-2,1,-2,-2}
12a_1222	3	{1,-2,1,-2,1,-2,1,1,-2,-2,-2,1}
12a_1223	3	{1,1,1,-2,1,1,1,-2,-2,1,1,-2}
12a_1224	4	{1,-2,-3,1,-3,2,2,-3,2,2,2,-3,2}
12a_1225	3	{-1,2,-1,2,2,-1,-1,2,2,-1,-1,2}
12a_1226	3	{1,1,1,-2,-2,-2,1,-2,-2,1,-2,-2}
12a_1227	3	{1,-2,1,-2,1,1,-2,-2,-2,1,-2,-2}
12a_1228	4	{-1,2,3,-1,3,-2,3,-2,3,-2,-2,3,-2}
12a_1229	3	{-1,2,-1,2,2,-1,-1,2,-1,2,2,-1}
12a_1230	3	{1,-2,1,-2,1,1,-2,-2,1,1,-2,1}
12a_1231	3	{1,-2,1,-2,1,-2,-2,-2,1,1,-2,1}
12a_1232	4	{-1,2,3,-1,3,-2,3,3,-2,3,-2,3,-2}
12a_1233	3	{1,1,1,-2,1,1,1,1,1,-2,-2,-2}
12a_1234	4	{1,-2,1,2,2,-3,-3,-3,2,2,2,-3,2}
12a_1235	3	{1,-2,1,-2,-2,1,1,1,1,-2,-2,-2}
12a_1236	4	{1,-2,1,2,2,-3,-3,-3,2,-3,2,-3,-3}
12a_1237	4	{1,-2,1,-2,1,3,1,-2,1,-2,-2,-3,-3}
12a_1238	3	{1,-2,1,-2,1,1,1,1,-2,-2,-2,1}
12a_1239	4	{-1,-1,2,2,-1,2,3,-1,3,2,-3,2,-1}
12a_1240	4	{-1,2,3,-1,3,3,3,-2,3,-2,3,3,-2}
12a_1241	5	{-1,2,-3,-4,3,-4,2,2,-3,2,-3,1,1,2}
12a_1242	4	{-1,2,3,-1,3,3,3,3,-2,3,3,3,-2}
12a_1243	5	{1,-2,1,2,2,-3,-4,3,-4,2,2,2,-3,2}
12a_1244	4	{-1,2,3,-1,3,3,3,-2,-2,3,-2,3,-2}
12a_1245	5	{1,-2,1,2,2,-3,-4,3,-4,2,-3,2,-3,-3}
12a_1246	3	{1,1,1,-2,1,1,-2,-2,-2,1,1,-2}
12a_1247	4	{-1,2,3,-1,3,-2,3,3,3,-2,3,3,-2}
12a_1248	3	{1,-2,1,-2,1,-2,-2,1,-2,1,-2,-2}
12a_1249	3	{-1,2,-1,2,-1,2,2,-1,2,-1,-1,2}
12a_1250	3	{1,1,-2,-2,1,-2,1,-2,-2,1,1,-2}
12a_1251	5	{-1,2,-3,2,-3,1,4,1,2,-3,2,-3,-4,-4}
12a_1252	4	{-1,2,2,-3,-1,-1,2,-1,2,2,3,3,2}
12a_1253	3	{1,-2,-2,1,1,-2,1,-2,-2,1,-2,-2}
12a_1254	3	{-1,2,-1,-1,-1,2,2,2,-1,2,2,-1}
12a_1255	3	{1,-2,1,1,1,-2,1,-2,1,1,-2,1}
12a_1256	4	{1,-2,-3,1,-3,-3,2,-3,-3,2,2,-3,2}
12a_1257	4	{1,-2,-3,1,2,2,-3,2,2,-3,2,-3,2}
12a_1258	3	{1,1,-2,-2,1,-2,1,1,1,-2,-2,-2}
12a_1259	4	{1,-2,-3,1,-3,-3,2,2,-3,-3,2,-3,2}
12a_1260	3	{-1,2,-1,-1,-1,2,2,-1,-1,2,2,2}
12a_1261	4	{-1,-1,-1,2,2,-3,2,-1,2,2,3,3,2}
12a_1262	4	{1,-2,-3,1,-3,2,2,-3,-3,-3,2,-3,2}
12a_1263	5	{1,-2,1,2,-3,2,-3,-4,-4,-3,2,-3,-3,4}
12a_1264	4	{-1,2,3,-1,3,3,-2,3,-2,-2,3,3,-2}
12a_1265	5	{1,-2,-3,-4,1,3,-4,2,2,-3,-3,2,-3,2}
12a_1266	5	{-1,2,3,-1,3,-4,3,-2,3,3,4,4,3,-2}
12a_1267	5	{-1,2,3,-1,3,-2,-2,3,4,-3,4,-2,3,-2}
12a_1268	4	{1,1,-2,-2,-3,1,-3,-2,1,-2,3,-2,1}
12a_1269	5	{-1,2,3,4,-1,-3,4,-2,3,3,-2,-2,3,-2}
12a_1270	4	{-1,2,2,-1,2,-3,-1,2,-1,2,2,3,3}
12a_1271	5	{1,-2,-3,1,-3,4,2,-3,2,-3,-4,-4,-3,2}
12a_1272	4	{-1,-1,-1,2,-1,2,-3,2,-1,2,2,3,3}
12a_1273	3	{-1,2,-1,-1,-1,-1,-1,2,2,2,2,2}
12a_1274	4	{-1,-1,-1,-1,-1,2,3,3,2,-3,2,-1,2}
12a_1275	5	{-1,2,-3,2,-3,-3,-4,3,-4,-3,2,1,1,2}
12a_1276	4	{1,-2,-3,1,-3,-3,-3,-3,2,2,2,-3,2}
12a_1277	5	{1,-2,-3,1,-3,-3,-4,3,-4,2,2,2,-3,2}
12a_1278	5	{1,-2,3,-4,1,3,-4,2,-4,-4,-4,-4,-3,2}
12a_1279	6	{1,2,3,-4,-5,-5,-4,5,-4,3,-4,2,1,-2,-3}
12a_1280	5	{-1,2,3,-1,3,3,-2,3,-2,4,-2,-2,-3,4}
12a_1281	5	{-1,2,3,4,-1,-3,4,-2,4,-2,4,-2,3,-2}
12a_1282	6	{-1,2,3,4,5,-1,-3,-4,5,4,-2,-2,-2,3,-2}
12a_1283	3	{1,-2,-2,-2,1,1,1,1,1,-2,-2,-2}
12a_1284	4	{1,-2,1,2,2,-3,-3,-3,2,-3,-3,-3,2}
12a_1285	4	{1,-2,-3,1,-3,-3,2,2,2,-3,-3,-3,2}
12a_1286	5	{1,-2,3,-4,1,-4,-4,3,-4,2,-4,-4,-3,2}
12a_1287	7	{-1,2,-3,4,5,6,-1,-3,-5,6,-2,-4,5,4,3,-2}
12a_1288	3	{-1,-1,-1,2,2,2,-1,-1,-1,2,2,2}
12n_0001	5	{1,-2,-2,3,-4,1,1,2,2,3,-2,-4}
12n_0002	5	{-1,2,-1,2,3,3,-4,2,2,3,-4,-4}
12n_0003	5	{-1,2,-1,2,-3,-3,4,-2,-2,-3,4,4}
12n_0004	5	{-1,2,3,-4,-1,3,3,-4,2,-3,2,-4}
12n_0005	5	{-1,2,-1,2,3,-4,-3,4,-3,-4,-2,-4,-2,-3}
12n_0006	5	{-1,2,-1,2,3,4,3,4,3,4,-2,4,-2,-3}
12n_0007	5	{-1,2,3,-1,3,2,-3,4,-3,-3,-3,4}
12n_0008	5	{-1,2,-1,2,3,-4,2,2,3,3,3,-4}
12n_0009	5	{-1,2,-1,2,-3,4,-2,-2,-3,-3,-3,4}
12n_0010	5	{-1,2,3,-4,-1,3,-4,2,-3,2,-4,-4}
12n_0011	6	{-1,2,3,-1,-2,3,2,4,5,-3,-4,5,-4}
12n_0012	6	{-1,2,-1,2,3,4,-5,-3,4,2,-5,2,3}
12n_0013	6	{-1,2,-1,2,-3,-4,5,3,-4,-2,5,-2,-3}
12n_0014	5	{-1,2,-1,2,-3,-3,2,2,3,-4,3,-4}
12n_0015	5	{1,-2,1,-2,-3,-3,-2,-2,3,-4,3,-4}
12n_0016	5	{-1,2,-1,2,3,3,2,2,3,-4,3,-4}
12n_0017a	5	{1,-2,1,-2,3,-4,-4,3,-2,-2,-3,4,-3,4}
12n_0017b	5	{-1,2,-1,2,3,-2,-2,-4,-3,-3,5,-4,5}
12n_0018	6	{-1,2,-1,2,3,3,4,-5,-2,-2,-3,4,-5}
12n_0019	6	{-1,2,-1,2,-3,-3,-4,5,2,2,3,-4,5}
12n_0020a	4	{-1,2,-3,1,-3,-2,-2,1,-2,3,2,-1,2}
12n_0020b	4	{-1,-1,2,-1,2,3,-2,3,-2,-4,3,-4}
12n_0021	5	{-1,2,3,-1,3,4,2,4,-3,4,-3,4}
12n_0022	5	{-1,2,3,-1,3,-4,2,-4,3,-4,3,-4}
12n_0023	5	{-1,2,-1,2,-3,4,-3,4,3,-2,-2,-3,4,4}
12n_0024a	4	{-1,2,-3,-3,-2,1,-2,3,1,2,-1,2,2}
12n_0024b	4	{-1,2,-1,2,3,-2,-2,-4,3,3,3,-4}
12n_0025	5	{-1,2,3,-4,-1,-2,3,4,-3,2,-3,4}
12n_0026	5	{-1,2,-1,2,-3,4,-3,-3,4,-3,4,2,2,3}
12n_0027	5	{-1,2,-1,2,-3,-3,2,2,3,4,-3,-3,4,4}
12n_0028	5	{-1,-1,2,2,-1,3,-2,3,-2,-4,3,-4}
12n_0029	5	{-1,2,-1,2,-3,4,-3,4,-3,4,2,4,2,3}
12n_0030	5	{-1,2,-1,2,-3,-3,2,2,3,4,-3,-3,-3,4}
12n_0031	5	{-1,2,-1,-3,2,-3,2,-4,3,3,3,-4}
12n_0032	5	{-1,2,3,-1,3,4,2,-3,4,-3,-3,4}
12n_0033	5	{-1,2,3,-1,3,-4,2,3,-4,3,3,-4}
12n_0034	5	{-1,2,-1,2,3,3,-4,-2,-4,-2,3,3,-4,-3}
12n_0035	5	{-1,2,-1,2,3,-4,3,-4,3,-2,-2,3}
12n_0036	5	{-1,2,-1,2,-3,4,-3,4,-3,-2,-2,-3}
12n_0037	5	{-1,2,-1,2,3,-4,3,-4,3,2,2,3}
12n_0038	5	{-1,2,-1,2,3,-4,-4,3,-4,-2,-2,3}
12n_0039	5	{-1,2,-1,2,-3,4,4,-3,4,-2,-2,-3}
12n_0040	5	{-1,2,-1,2,3,-4,-4,3,-4,2,2,3}
12n_0041	5	{-1,2,3,-1,-2,-2,-2,3,2,4,-3,4}
12n_0042	5	{-1,2,3,-1,-2,3,2,4,-3,4,4,4}
12n_0043	5	{-1,2,-1,2,3,-4,2,2,3,-4,-4,-4}
12n_0044	5	{-1,2,-1,2,-3,4,-2,-2,-3,4,4,4}
12n_0045	5	{-1,2,3,-1,-2,3,2,4,4,-3,4,-3}
12n_0046	6	{-1,2,3,-1,-2,3,2,4,5,-3,-4,5,4}
12n_0047	6	{-1,2,-1,2,3,-4,-5,2,2,3,4,-5,-4}
12n_0048	6	{-1,2,-1,2,-3,4,5,-2,-2,-3,-4,5,4}
12n_0049	6	{1,-2,3,4,-5,1,-2,3,4,-2,-3,4,-5}
12n_0050	6	{-1,2,-1,2,-3,-4,5,-3,2,2,3,4,-3,4,5}
12n_0051	6	{-1,2,-1,2,-3,-4,5,-3,-2,-2,3,-4,-3,4,5}
12n_0052	5	{-1,2,-1,2,-3,-4,-4,-3,-2,-2,3,-4,3,4}
12n_0053	5	{-1,2,-1,2,-3,4,3,3,-2,-2,-3,4,3,3}
12n_0054	4	{-1,2,-3,-3,-2,1,-2,-2,-2,3,1,2,-1}
12n_0055	5	{1,-2,-2,3,-4,1,1,2,2,2,3,-4}
12n_0056	5	{-1,-2,-2,3,-4,-1,-1,2,2,2,3,-4}
12n_0057	5	{-1,2,-1,2,3,-4,-4,3,-2,-2,3,-4,-3,4}
12n_0058	5	{-1,2,-1,2,-3,-4,-4,-3,-2,-2,-3,4,-3,-4}
12n_0059	5	{1,2,2,3,-4,1,1,2,2,2,3,-4}
12n_0060	5	{-1,2,2,3,-4,-1,-1,2,2,2,3,-4}
12n_0061	5	{-1,2,-1,2,3,-4,-4,3,2,2,3,-4,-3,4}
12n_0062	5	{-1,2,-1,2,-3,4,4,-3,-3,-3,4,2,2,3}
12n_0063	5	{-1,2,2,3,-4,-1,-1,-2,-2,-2,3,-4}
12n_0064	5	{-1,2,-1,2,3,4,4,3,3,3,4,-2,-2,-3}
12n_0065a	5	{-1,2,-1,-2,3,-4,-2,-4,3,-2,3,4,-2,3}
12n_0065b	5	{-1,-1,-2,1,3,-2,3,4,-3,-3,-5,4,-5}
12n_0066	5	{1,2,2,3,-4,1,1,-2,-2,-2,3,-4}
12n_0067	5	{-1,-2,-2,3,-4,-1,-1,-2,-2,-2,3,-4}
12n_0068	5	{1,2,2,-3,4,1,1,2,2,-3,2,4}
12n_0069	5	{1,2,2,3,-4,1,1,-2,-2,3,-2,-4}
12n_0070	5	{1,-2,-2,-3,4,1,1,2,2,-3,2,4}
12n_0071	5	{1,2,2,3,-4,1,-4,1,3,-2,-2,-3,-4,2}
12n_0072	5	{1,2,2,-3,4,1,4,1,-3,2,2,3,4,-2}
12n_0073	5	{-1,2,-3,-4,-1,2,-4,-3,2,3,-4,3}
12n_0074	4	{1,1,1,2,2,-1,2,3,2,2,1,3,3}
12n_0075	4	{-1,-1,-1,-2,-2,1,-2,3,2,2,-1,3,3}
12n_0076	4	{1,1,1,2,2,-1,2,3,-2,-2,1,3,3}
12n_0077	5	{1,-2,1,2,3,4,3,4,3,4,2,4,2,-3}
12n_0078	5	{-1,2,-1,-2,-3,4,3,-4,3,4,-2,4,-2,3}
12n_0079	5	{1,-2,1,2,3,-4,3,-4,3,4,2,4,2,-3}
12n_0080	4	{-1,-2,-2,1,1,1,-2,3,-2,-2,-1,-3,-3}
12n_0081	4	{-1,2,2,1,1,1,2,-3,2,2,-1,3,3}
12n_0082	5	{-1,2,-1,-2,-3,-3,4,-2,4,-2,3,3,4,-3}
12n_0083	5	{-1,2,2,3,1,3,4,1,-2,-2,-3,2,4,4}
12n_0084	4	{-1,2,-3,-3,2,2,1,1,2,-3,-2,1,-2}
12n_0085	5	{-1,-2,-2,-3,-4,3,-1,3,-1,3,2,-4,3,3}
12n_0086	5	{1,-2,-2,3,1,3,4,1,-2,-2,-3,2,4,4}
12n_0087	5	{1,2,2,-3,1,-3,-4,1,2,2,3,-2,-4,-4}
12n_0088	4	{1,1,2,2,3,3,-2,-2,1,1,2,-3,2,2,1}
12n_0089	4	{1,-2,3,3,2,2,1,1,1,2,-3,-2,1}
12n_0090	4	{-1,-2,-2,-1,-1,-1,2,3,-2,-2,-1,3,3}
12n_0091	4	{1,2,2,1,1,1,-2,3,2,2,1,3,3}
12n_0092	4	{-1,2,2,-1,-1,-1,-2,3,2,2,-1,3,3}
12n_0093	5	{1,2,2,3,1,3,4,1,-2,-2,-3,2,4,4}
12n_0094	5	{1,-2,1,2,3,3,2,2,-3,-4,3,3,3,-4}
12n_0095	5	{-1,2,-1,-2,-3,-3,4,-2,4,-2,-3,-3,4,3}
12n_0096	5	{1,-2,1,2,3,3,4,2,4,2,3,3,4,-3}
12n_0097	5	{-1,2,-3,-1,-3,2,-3,-4,3,3,3,-4}
12n_0098	5	{1,2,2,-3,4,1,1,2,-3,2,-3,4}
12n_0099	5	{1,2,2,3,-4,1,1,-2,3,-2,3,-4}
12n_0100	5	{1,2,2,3,4,1,4,1,3,2,2,-3,4,-3,2,-4}
12n_0101	5	{1,2,2,-3,-4,1,-4,1,-3,-2,-2,3,-4,3,-2,4}
12n_0102	5	{1,-2,-2,1,1,2,-3,4,-3,2,2,3,4,4,3,-4}
12n_0103	4	{1,2,2,2,2,3,1,3,1,-2,1,-2,-3}
12n_0104	4	{-1,-1,-1,-2,-2,-1,2,3,-2,-2,-1,3,3}
12n_0105	4	{1,1,1,2,2,1,-2,3,2,2,1,3,3}
12n_0106	4	{-1,-1,-1,2,2,-1,-2,3,2,2,-1,3,3}
12n_0107	4	{-1,2,2,3,3,-2,-1,2,2,2,2,2,3}
12n_0108	5	{-1,2,3,-2,3,2,-4,3,1,3,1,3,2,-4}
12n_0109	5	{1,-2,-2,-3,-4,3,1,-4,-3,1,-2,-2,-3,2}
12n_0110	5	{1,2,2,3,4,-3,1,4,3,1,2,2,3,-2}
12n_0111	5	{1,2,2,-3,-4,3,1,-4,-3,1,2,2,-3,-2}
12n_0112	5	{1,2,2,-3,4,1,1,-2,-3,2,2,2,-3,4}
12n_0113	3	{-1,2,-1,2,-1,-2,1,-2,-2,-2,-2,-2}
12n_0114	3	{1,1,1,2,2,-1,-1,2,2,2,2,2}
12n_0115	4	{-1,-1,-1,-2,-2,-1,-2,3,2,2,-1,3,3}
12n_0116	4	{-1,2,-1,-2,-2,-2,-3,-3,-2,-2,3,3,3}
12n_0117	4	{1,-2,1,2,2,2,-3,-3,2,2,3,3,3}
12n_0118	5	{1,2,2,-3,-4,3,1,-4,-3,1,-2,-2,-3,-2}
12n_0119a	4	{1,-2,3,1,3,1,-2,1,-2,-3,1,-2,1}
12n_0119b	4	{1,1,-2,1,1,-2,1,-3,2,4,-3,4}
12n_0120	4	{-1,-1,2,2,3,-1,-2,-2,-3,-3,-2,-1,2}
12n_0121	4	{-1,-2,1,1,-2,-3,2,-1,-2,-2,-3,-3,2}
12n_0122	5	{-1,2,-1,2,-3,-3,-2,-2,3,4,3,3,4,4}
12n_0123	5	{1,-2,1,-2,3,3,2,2,-3,4,3,3,4,4}
12n_0124	5	{-1,2,-1,2,-3,-3,-2,-2,3,4,4,-3,-3,4}
12n_0125	5	{1,-2,3,1,-2,3,-2,4,3,3,3,4}
12n_0126	5	{-1,2,-3,-1,2,-3,2,4,3,3,3,4}
12n_0127	5	{-1,2,-1,2,-3,-3,4,-2,4,-2,3,3,4,3}
12n_0128	5	{1,-2,1,-2,3,3,4,2,4,2,3,3,4,-3}
12n_0129	5	{-1,2,-1,2,2,-1,3,-2,-2,-4,3,-4}
12n_0130	5	{-1,-2,-2,3,-1,3,-1,3,-4,2,3,-2,3,-4}
12n_0131	5	{1,-2,-2,-3,4,1,1,-2,-2,3,3,2,4,4}
12n_0132	5	{1,2,2,3,-4,1,1,2,2,-3,-3,-2,-4,-4}
12n_0133	4	{-1,2,2,1,1,2,2,3,3,-2,1,2,2,2,-3}
12n_0134	4	{1,1,2,2,3,-1,3,-1,-2,3,1,3,3}
12n_0135	4	{-1,-1,-2,-2,-1,-1,2,3,-2,-2,-1,3,3}
12n_0136	4	{1,1,2,2,1,1,-2,3,2,2,1,3,3}
12n_0137	4	{-1,-1,2,2,-1,-1,-2,3,2,2,-1,3,3}
12n_0138	5	{1,2,2,-3,4,1,1,-2,-2,3,3,2,4,4}
12n_0139	5	{1,2,2,-3,-4,1,1,-2,3,-2,3,-4,3,3}
12n_0140	5	{1,2,2,3,4,1,1,2,-3,2,-3,4,-3,-3}
12n_0141	5	{1,-2,-2,-3,-4,1,1,-2,3,-2,3,-4,3,3}
12n_0142	5	{1,-2,-3,4,1,-3,4,2,2,2,-3,-2}
12n_0143	5	{1,-2,-3,4,1,2,4,2,2,-3,-2,4}
12n_0144	5	{-1,2,3,-1,-2,-2,-2,3,-2,-4,3,-4}
12n_0145	5	{-1,-2,-3,2,-3,-2,-4,1,1,-2,3,-2,3,-4}
12n_0146	5	{-1,2,-1,2,-3,-3,-4,3,-2,-3,-3,-2,-4,3}
12n_0147	4	{1,-2,3,1,3,-2,-2,1,1,-2,-3,-2,1}
12n_0148	4	{-1,-2,-2,-3,2,-1,-2,-2,-2,-2,-3,-3,2}
12n_0149	5	{-1,2,-1,-2,-3,-3,-4,3,-2,-3,-3,-2,-4,3}
12n_0150	5	{1,2,2,1,1,2,-3,4,2,-3,4,-3}
12n_0151	5	{1,2,2,1,1,-2,3,-4,-2,3,-4,3}
12n_0152	5	{1,-2,-2,1,1,2,-3,4,2,-3,4,-3}
12n_0153	4	{1,2,1,2,-3,2,2,3,1,3,2,1,2}
12n_0154	4	{-1,2,1,-2,3,-2,-2,-3,1,-3,-2,1,2}
12n_0155	4	{1,2,2,-1,2,3,-2,-2,3,3,2,2,1}
12n_0156	5	{-1,2,3,-4,-1,2,3,2,3,-4,3,2}
12n_0157	5	{1,-2,3,4,1,2,2,-3,4,2,3,-2}
12n_0158	5	{1,-2,-2,1,1,2,-3,2,-3,-4,-3,2,-3,4}
12n_0159	4	{-1,-2,1,-2,3,-2,-2,-3,1,-3,-2,-1,2}
12n_0160	5	{-1,2,-3,-4,-1,3,-4,-3,4,2,4,-3}
12n_0161	5	{1,-2,-2,1,1,2,-3,4,2,-3,2,4}
12n_0162	5	{1,2,2,1,1,-2,3,-4,-2,3,-2,-4}
12n_0163	5	{1,2,2,1,1,2,-3,4,2,4,-3,4}
12n_0164	5	{1,2,2,1,1,-2,3,-4,-2,-4,3,-4}
12n_0165	5	{1,-2,-2,1,1,2,-3,4,2,4,-3,4}
12n_0166	4	{1,2,2,2,2,-1,2,3,2,2,1,3,3}
12n_0167	4	{-1,-2,-2,-2,-2,1,-2,3,2,2,-1,3,3}
12n_0168	4	{1,2,2,2,2,-1,2,3,-2,-2,1,3,3}
12n_0169	5	{1,2,2,1,1,2,-3,2,3,3,4,-3,4,3}
12n_0170	5	{1,2,2,1,1,-2,3,-2,-3,-3,-4,3,-4,-3}
12n_0171	5	{1,-2,-2,1,1,2,-3,2,3,3,4,-3,4,3}
12n_0172	5	{1,2,2,1,1,2,-3,4,2,-3,2,4}
12n_0173	5	{1,-2,-2,1,1,2,3,-4,3,-2,3,-4,3,-4}
12n_0174	5	{1,-2,-2,1,1,2,-3,4,-2,-3,-2,4,-3,4}
12n_0175	5	{1,2,2,1,1,-2,3,-4,2,3,2,-4,3,-4}
12n_0176	5	{1,2,2,1,1,-2,3,-2,3,4,-3,2,-3,4}
12n_0177	5	{1,-2,1,2,3,4,4,3,2,2,3,3,-4,3}
12n_0178	5	{1,-2,-2,-1,-1,-2,3,-4,3,2,3,2,-4,3}
12n_0179	5	{1,-2,1,2,-3,4,3,-4,3,-4,2,2,3,3,-4,3}
12n_0180	4	{-1,2,-3,-1,-3,2,2,-1,2,-3,-2,1,2}
12n_0181	4	{1,-2,3,1,3,-2,1,1,-2,-2,-3,-2,1}
12n_0182	5	{-1,2,3,-4,-1,2,-4,3,2,3,-4,3}
12n_0183	5	{1,-2,3,4,1,2,4,2,-3,4,2,3}
12n_0184	5	{1,-2,-2,3,1,3,-4,1,-2,3,-2,-4,-4,-3}
12n_0185	4	{1,1,-2,-3,1,2,2,3,1,3,1,-2,1}
12n_0186	4	{-1,-2,-2,-2,-2,-1,2,3,-2,-2,-1,3,3}
12n_0187	4	{1,2,2,2,2,1,-2,3,2,2,1,3,3}
12n_0188	4	{1,2,2,3,1,3,1,1,-2,1,-2,-2,-3}
12n_0189	4	{1,2,2,3,1,3,1,-2,1,-2,-2,-2,-3}
12n_0190	3	{1,-2,-1,2,-1,-1,-1,-2,1,-2,-2,-2}
12n_0191	3	{1,1,1,2,2,2,2,-1,-1,2,2,2}
12n_0192	4	{-1,-2,-2,-2,-2,-1,-2,3,2,2,-1,3,3}
12n_0193	4	{-1,-1,-1,-2,-3,1,-3,1,-2,3,-2,-1,2}
12n_0194	4	{1,1,1,-2,3,1,3,1,2,-3,2,-1,2}
12n_0195	5	{1,2,2,1,1,-2,-3,-4,-2,-2,-2,3,-4,-3}
12n_0196	5	{1,2,2,1,1,-2,-3,-4,2,2,2,3,-4,-3}
12n_0197	5	{-1,2,2,3,4,-3,1,4,1,-2,3,-2,-2,3}
12n_0198	5	{-1,2,-3,-4,-1,3,3,3,-4,2,-3,2}
12n_0199	4	{-1,2,-1,-2,-3,-3,-2,-2,-2,-2,3,3,3}
12n_0200	5	{1,-2,-3,-4,2,3,-4,-3,-2,3,-1,4,-1,-2}
12n_0201	5	{1,-2,-3,1,2,3,3,-4,2,2,3,3,3,-4}
12n_0202	5	{1,-2,-2,-3,1,-3,1,-2,3,-4,-2,3,-4,-3}
12n_0203	5	{1,2,2,3,1,3,1,2,-3,4,2,-3,4,3}
12n_0204	5	{1,2,2,-3,4,-3,1,-4,1,-2,3,4,4,3}
12n_0205	5	{1,-2,-2,1,1,2,3,-4,3,-2,3,3,-4,3}
12n_0206	5	{1,-2,-2,-3,1,-3,4,1,-2,-3,-2,4,-3,2}
12n_0207	5	{1,2,2,3,1,3,-4,1,2,3,2,-4,3,-2}
12n_0208	4	{-1,-2,-3,-3,-2,1,1,1,-2,3,-2,-2,-1}
12n_0209	4	{-1,2,3,3,2,1,1,1,2,-3,2,2,-1}
12n_0210	5	{1,2,2,-3,1,-3,-4,1,-2,3,-2,-4,-3,-2}
12n_0211	5	{1,-2,3,1,-2,3,4,-3,2,2,2,-3,-2,-4}
12n_0212	4	{-1,-2,-3,-3,-2,-2,1,1,1,-2,3,-2,-1}
12n_0213	4	{-1,2,3,3,2,2,1,1,1,2,-3,2,-1}
12n_0214	5	{1,2,2,1,1,-2,-3,-4,-2,3,-2,-4,-2,-3}
12n_0215	5	{-1,2,2,3,1,3,1,-2,3,4,-3,4,-2,3}
12n_0216	5	{1,-2,-2,1,1,2,-3,-4,-2,-2,-2,3,-4,-3}
12n_0217	5	{1,2,2,1,1,-2,3,4,2,2,2,-3,4,3}
12n_0218	5	{-1,2,-3,-4,-1,-1,2,3,3,3,-4,-3}
12n_0219	5	{-1,2,2,3,-1,-1,-2,3,3,-2,4,-3,2,4}
12n_0220	5	{-1,2,3,-1,3,3,4,2,3,3,3,4}
12n_0221	5	{1,-2,3,1,3,3,4,-2,-3,-3,-3,4}
12n_0222	5	{1,2,2,3,1,3,4,1,2,-3,2,4,-3,-2}
12n_0223	5	{1,-2,-2,3,1,1,-2,3,3,-2,4,-3,2,4}
12n_0224	5	{1,-2,3,1,3,3,-4,-2,-3,-3,-3,-4}
12n_0225	5	{1,-2,-2,3,1,1,-2,-3,4,2,2,-3,2,4}
12n_0226	5	{1,-2,-2,1,1,2,3,-4,3,3,-2,3,-4,3}
12n_0227	5	{1,-2,-2,1,1,2,-3,4,-3,-2,-3,-2,4,-3}
12n_0228	5	{1,2,2,1,1,-2,3,-4,3,2,3,2,-4,3}
12n_0229	5	{1,-2,3,1,3,3,4,-2,3,3,3,4}
12n_0230	6	{-1,2,3,-1,3,-4,5,2,-3,4,-3,4,5}
12n_0231	5	{-1,2,-3,-1,-3,-4,2,-4,3,-4,3,-4}
12n_0232	5	{-1,2,-1,2,-3,-4,3,-4,3,-4,-2,-4,-2,3}
12n_0233	3	{1,-2,-1,2,-1,-2,1,-2,-2,-2,-2,-2}
12n_0234	3	{1,-2,-2,1,1,2,2,2,2,2,2,2}
12n_0235	3	{1,2,2,1,1,-2,-2,-2,-2,-2,-2,-2}
12n_0236	4	{-1,-2,-3,1,-3,1,-2,3,-2,-2,-2,-1,2}
12n_0237	4	{1,-2,-2,3,3,2,2,2,2,2,1,-2,3}
12n_0238	4	{-1,2,2,3,3,-2,-2,-2,-2,-2,-1,2,3}
12n_0239	4	{-1,-2,-3,1,-3,1,-2,-2,-2,3,-2,-1,2}
12n_0240	4	{1,1,1,-2,-2,3,3,2,2,2,1,-2,3}
12n_0241	4	{-1,-1,-1,2,2,3,3,-2,-2,-2,-1,2,3}
12n_0242	3	{1,2,2,1,1,2,2,2,2,2,2,2}
12n_0243	4	{1,2,2,3,3,2,2,2,2,2,1,-2,3}
12n_0244	4	{1,1,1,2,2,3,3,2,2,2,1,-2,3}
12n_0245	5	{-1,2,3,4,2,-3,4,3,2,3,1,3,1,2}
12n_0246	5	{1,-2,3,-4,2,3,-4,-3,2,3,-1,3,-1,-2}
12n_0247	5	{1,-2,-2,-3,1,1,2,3,4,3,4,3,2,-3,2,-4}
12n_0248	5	{1,-2,-3,-4,3,-4,-3,4,2,4,-1,-3,-1,-2}
12n_0249	5	{1,-2,-2,1,1,2,2,2,3,4,-2,-3,4,3}
12n_0250	5	{1,2,2,1,1,-2,-2,-2,-3,-4,2,3,-4,-3}
12n_0251	5	{1,2,2,1,1,2,2,2,3,4,-2,-3,4,3}
12n_0252	5	{1,-2,-3,-4,1,3,3,3,-4,-2,3,-2,-3,-3}
12n_0253	4	{-1,2,2,2,-3,-1,2,-3,-2,-2,-3,-3,-2}
12n_0254	4	{1,2,2,3,1,1,-2,-2,3,3,2,1,-2}
12n_0255	5	{1,-2,-2,-3,1,1,2,2,3,3,4,-2,-3,4}
12n_0256	5	{1,2,2,3,1,1,-2,-2,-3,-3,-4,2,3,-4}
12n_0257	4	{-1,-2,-2,3,-1,-1,2,2,3,3,-2,-1,2}
12n_0258	5	{1,2,2,-3,4,1,1,2,-3,-2,-4,-3,-3,-4}
12n_0259	4	{1,2,2,2,3,3,-2,1,2,2,2,-3,-1,2,1}
12n_0260	5	{1,-2,-3,-4,2,2,2,-3,-4,-3,-2,3,-1,4,-1,-2}
12n_0261	5	{-1,2,3,-1,3,3,-4,2,3,3,3,-4}
12n_0262	5	{-1,2,-1,-2,-3,-3,2,-3,-4,2,3,3,3,-4}
12n_0263	5	{1,-2,-2,-3,4,1,1,2,-3,2,4,-3,4,3}
12n_0264	5	{1,2,2,3,-4,1,1,-2,3,-2,-4,3,-4,-3}
12n_0265	5	{-1,2,-3,-4,-1,3,3,3,-4,-2,3,-2,3,3}
12n_0266	5	{1,-2,-2,-3,1,-3,1,2,-3,4,2,-3,4,3}
12n_0267	5	{1,2,2,3,1,3,1,-2,3,-4,-2,3,-4,-3}
12n_0268	6	{-1,2,-1,2,-3,-4,5,-3,-2,-2,3,4,-3,4,5}
12n_0269	5	{-1,2,-1,2,3,4,4,3,-2,-2,-3,4,-3,-4}
12n_0270	5	{-1,2,-1,2,3,-4,-3,-3,-2,-2,3,-4,-3,-3}
12n_0271	5	{-1,2,3,-1,-2,-2,3,-2,3,-4,3,-4}
12n_0272	5	{-1,2,3,-1,-2,-2,3,-4,-2,3,-4,-4}
12n_0273	5	{1,-2,1,-2,-3,4,2,2,2,2,-3,4}
12n_0274	5	{-1,2,-3,2,1,1,2,3,-4,3,-2,-4,-3,4}
12n_0275	5	{1,-2,3,-4,1,-2,-4,-3,2,-3,-4,3}
12n_0276	4	{-1,-2,-2,1,-2,-2,-3,-1,-3,-2,1,-2,-3}
12n_0277	4	{1,2,-3,-3,-2,1,-2,-3,-1,2,2,2,1}
12n_0278	5	{1,-2,1,2,-3,4,2,4,-3,-3,2,-4,-3,-4}
12n_0279	5	{-1,2,-1,2,-3,-3,4,2,-3,2,-3,2,4,3}
12n_0280	5	{-1,2,3,4,-1,2,-3,2,-3,4,3,2}
12n_0281	5	{-1,2,-1,2,-3,-4,2,-4,3,3,2,-4,3,-4}
12n_0282	5	{-1,2,-3,-4,-1,-2,3,-2,3,-4,-3,2}
12n_0283	5	{-1,2,3,-4,-1,2,3,2,-4,3,2,-4}
12n_0284a	4	{-1,2,2,-1,2,2,-3,-1,-3,2,-1,2,3}
12n_0284b	4	{-1,2,-1,2,3,-2,3,-4,3,-2,3,-4}
12n_0285	5	{-1,2,3,-1,-2,3,4,3,-2,3,2,4}
12n_0286	5	{-1,2,-3,-1,2,-3,4,3,-2,3,2,4}
12n_0287	5	{-1,2,-3,-1,2,-3,-4,-3,2,-3,2,-4}
12n_0288	5	{1,-2,1,2,3,3,-4,2,-4,2,-3,-3,4,-3}
12n_0289	5	{1,-2,1,2,3,3,4,2,4,2,3,3,-4,3}
12n_0290	4	{1,-2,-2,1,1,1,2,-3,2,2,1,3,3}
12n_0291	4	{-1,-2,-2,-1,-1,-1,2,-3,2,2,-1,3,3}
12n_0292	4	{1,2,2,1,1,1,2,-3,2,2,1,3,3}
12n_0293	4	{-1,2,3,1,3,2,-1,2,3,1,2,-1,2}
12n_0294	5	{-1,2,-1,2,3,-4,2,2,2,2,3,-4}
12n_0295	5	{-1,2,-3,4,-1,-3,4,-2,-2,-2,-3,2}
12n_0296	5	{-1,2,3,-4,-1,3,-4,2,2,2,3,2}
12n_0297	6	{-1,2,-1,2,-3,4,-5,2,3,-2,3,2,4,3,-5}
12n_0298	5	{-1,2,3,-4,-1,-2,3,-2,3,-4,3,2}
12n_0299	5	{-1,2,-1,2,3,4,2,4,3,-2,3,-4,2,3}
12n_0300	5	{-1,2,-3,4,-1,-2,4,-2,-2,-3,2,4}
12n_0301	5	{-1,2,3,-4,-1,2,-4,2,2,3,2,-4}
12n_0302	5	{-1,2,-1,2,-3,4,2,4,3,-2,3,-4,2,-3}
12n_0303	4	{1,-2,1,2,-3,-3,2,2,3,3,3,3,3}
12n_0304	4	{-1,-1,-1,-2,-2,-1,2,-3,2,2,-1,3,3}
12n_0305	4	{1,-2,1,2,3,3,2,2,3,3,3,3,3}
12n_0306	5	{1,-2,1,2,-3,-3,2,2,3,3,3,4,-3,4}
12n_0307	5	{-1,2,2,-3,-4,3,1,-4,-3,1,-2,-2,-3,2}
12n_0308	5	{1,-2,1,2,3,3,2,2,3,3,3,4,-3,4}
12n_0309	4	{1,-2,1,2,3,3,2,2,-3,-3,-3,-3,-3}
12n_0310	5	{1,-2,1,2,3,3,2,2,-3,-3,-3,-4,3,-4}
12n_0311a	5	{1,-2,3,-4,2,3,-4,-3,2,3,-1,-4,-1,-2}
12n_0311b	5	{-1,2,-1,-3,-2,4,3,-2,3,-5,4,-3,-5}
12n_0312	5	{-1,2,-3,4,-1,-3,4,2,-3,2,3,3}
12n_0313	5	{1,2,-3,-3,2,-1,-1,-2,3,4,-2,-3,4,3}
12n_0314a	4	{-1,2,-3,-1,-3,2,-1,2,3,-1,2,-1,2}
12n_0314b	4	{-1,2,-1,2,3,-2,-1,-4,3,2,-4,-3}
12n_0315	4	{1,-2,3,3,2,-1,2,-3,-1,-1,-1,-2,1}
12n_0316	4	{1,-2,1,2,-3,2,2,-3,2,2,3,3,3}
12n_0317	4	{1,-2,-2,-2,3,3,-2,1,-2,-3,1,-2,1}
12n_0318	4	{-1,-2,-3,1,-3,2,2,-1,2,-3,-2,-1,2}
12n_0319	4	{1,-2,3,3,-2,1,-2,-3,1,1,1,-2,1}
12n_0320	4	{1,-2,-3,1,-3,2,2,-1,2,-3,-2,1,-2}
12n_0321	4	{-1,2,3,1,3,2,-1,2,3,1,-2,1,2}
12n_0322	5	{1,-2,3,1,3,-4,-2,-3,2,4,-3,-4}
12n_0323	4	{-1,2,3,-1,3,-2,1,-2,3,-1,-2,1,-2}
12n_0324	5	{-1,-2,3,3,-2,1,1,-2,3,4,-2,-3,4,3}
12n_0325	4	{1,-2,3,-1,3,-2,1,-2,3,1,-2,1,-2}
12n_0326	4	{1,2,2,3,1,3,1,-2,-2,1,-2,-3,1}
12n_0327	4	{-1,-1,-1,-2,-2,-3,-1,-3,2,-1,2,2,3}
12n_0328	4	{1,2,3,1,3,2,2,-1,2,3,2,1,2}
12n_0329	4	{-1,-2,-2,-3,-1,-1,2,-1,-2,-2,-3,-3,2}
12n_0330	4	{1,-2,-3,-3,2,-1,2,2,2,3,1,-2,1}
12n_0331	5	{-1,-2,-2,-1,-1,-2,-3,2,-3,4,3,-2,3,4}
12n_0332	5	{-1,2,-1,-2,3,-4,-3,-3,-2,-2,3,-4,-3,-3}
12n_0333	5	{1,-2,1,2,-3,-4,-4,-3,2,2,3,-4,3,4}
12n_0334	5	{1,-2,-2,-1,-1,-2,3,-2,3,4,-3,2,-3,4}
12n_0335	4	{-1,-2,3,3,2,-1,2,2,2,3,1,-2,-1}
12n_0336	5	{-1,2,-3,4,-1,-3,-1,2,3,-2,-4,-2,3,-4}
12n_0337	5	{1,2,-3,-3,2,-3,4,-1,-1,-2,3,-2,-3,4}
12n_0338	4	{1,-2,1,2,3,3,3,3,2,2,3,3,3}
12n_0339	4	{1,2,2,2,2,1,-2,3,-2,-2,1,-3,-3}
12n_0340	4	{1,-2,1,2,-3,-3,-3,-3,2,2,3,3,3}
12n_0341	5	{1,-2,1,2,3,4,-3,4,3,2,2,3,3,3}
12n_0342	5	{1,-2,-2,-1,-1,-2,3,4,2,2,2,-3,4,3}
12n_0343	5	{1,-2,1,2,-3,-4,3,-4,-3,2,2,3,3,3}
12n_0344	3	{-1,-1,-1,-2,-2,-2,-2,-1,-1,2,2,2}
12n_0345	3	{1,1,1,-2,-2,-2,-2,1,1,2,2,2}
12n_0346	4	{1,2,2,2,2,1,-2,-3,-2,-2,1,-3,-3}
12n_0347	4	{-1,2,-1,-2,-3,-3,-3,-3,-2,-2,3,3,3}
12n_0348	5	{1,-2,-3,1,2,-3,-2,-4,-2,-2,3,-4}
12n_0349	5	{-1,2,-3,-1,2,-3,-2,-4,-2,-2,3,-4}
12n_0350	5	{-1,2,-3,-1,2,-3,-2,4,-2,-2,-3,4}
12n_0351	5	{-1,2,-3,-1,2,-3,2,-4,2,2,3,-4}
12n_0352	5	{-1,2,3,-4,-1,3,-4,-2,3,-2,3,3}
12n_0353	5	{-1,2,-3,4,-1,-3,4,-2,3,-2,-3,-3}
12n_0354	5	{-1,2,3,-4,-1,3,-4,2,-3,2,-3,-3}
12n_0355	5	{-1,-2,3,-4,-2,-3,-1,2,-3,2,-4,3}
12n_0356	5	{-1,2,3,4,-1,-2,-3,4,-3,2,-3,4}
12n_0357	5	{-1,2,-3,2,-3,2,-4,1,1,2,-3,2,3,-4}
12n_0358a	4	{-1,2,-3,-1,-3,2,-1,2,3,-1,-2,1,-2}
12n_0358b	4	{-1,-2,1,-2,3,-2,-1,-4,3,2,-4,-3}}
12n_0359	6	{-1,2,-3,-4,5,-1,-2,3,4,-2,3,3,-4,-4,5}
12n_0360	5	{-1,2,-3,4,-1,2,3,-4,3,-2,3,4}
12n_0361	5	{-1,2,3,2,3,2,-4,1,1,2,-3,2,3,-4}
12n_0362a	4	{1,-2,-3,-3,2,-1,2,1,-2,-2,3,-2,1}
12n_0362b	4	{-1,-1,-2,-1,3,2,-1,2,2,-4,3,-4}
12n_0363	5	{-1,2,-3,4,-1,2,-3,-2,4,-2,-3,-3}
12n_0364	5	{-1,2,3,-1,-2,3,-4,3,-2,3,-2,3,3,4}
12n_0365	5	{-1,2,3,-1,-2,3,-4,-3,2,-3,2,-3,-3,4}
12n_0366	4	{-1,2,-3,-3,-2,-2,-3,-1,-3,2,-3,-2,-2}
12n_0367	5	{-1,2,3,-2,3,2,-4,1,1,-2,-2,3,-2,-4}
12n_0368	4	{1,1,1,2,2,3,1,3,1,-2,1,-2,-3}
12n_0369	4	{1,2,2,3,1,3,1,-2,-2,-2,1,-2,-3}
12n_0370	4	{1,-2,-2,1,2,-3,2,2,1,3,3,-2,-2}
12n_0371	4	{1,-2,-3,1,-3,2,2,-1,2,3,2,-1,2}
12n_0372	4	{1,1,1,2,2,3,-1,3,-1,2,-1,2,-3}
12n_0373	4	{1,2,2,3,-1,3,2,2,1,1,-2,-3,1}
12n_0374	4	{1,-2,1,2,3,3,2,2,3,3,2,2,3}
12n_0375	4	{1,-2,1,2,3,-2,3,2,2,2,3,-2,3}
12n_0376	4	{1,-2,1,2,3,3,-2,-2,3,3,-2,-2,3}
12n_0377	4	{1,-2,3,-1,3,-2,-2,1,-2,3,-2,1,-2}
12n_0378	4	{-1,2,2,3,-1,3,-1,-2,-2,-2,-1,2,-3}
12n_0379	4	{-1,2,-1,-2,3,-2,-2,-3,1,-3,-2,1,-2}
12n_0380	4	{1,1,2,2,3,1,-2,-2,-3,-3,-2,1,-2}
12n_0381	5	{1,-2,3,4,1,2,4,-3,2,-3,4,3}
12n_0382	5	{-1,2,2,-3,1,-3,1,-2,3,4,-2,-3,4,3}
12n_0383	5	{1,-2,3,4,1,1,2,-3,2,4,3,-4}
12n_0384	5	{-1,2,2,3,1,3,1,2,-3,-4,2,3,-4,3}
12n_0385	4	{1,-2,3,1,3,-2,-2,-1,-1,2,3,-2,1}
12n_0386	4	{1,2,2,-3,1,1,2,2,3,3,2,1,2}
12n_0387	5	{1,2,-3,4,2,-3,4,1,1,2,2,2}
12n_0388	5	{1,2,-3,4,2,-3,4,1,1,-2,-2,-2}
12n_0389	5	{1,-2,3,-4,-2,3,-4,1,1,2,2,2}
12n_0390	4	{-1,2,3,-1,3,2,2,-1,2,-3,-2,1,-2}
12n_0391	5	{1,-2,-3,-3,4,-2,-3,1,4,1,-2,-3,-3,-4}
12n_0392	5	{-1,2,3,-1,3,-4,-2,3,-4,3,2,2,-3,4}
12n_0393	5	{-1,-2,-3,-3,-4,-2,3,1,1,-2,3,-4,3,-2}
12n_0394	5	{-1,2,3,-4,-1,3,3,2,-3,2,-3,-4,3,-2}
12n_0395	5	{1,-2,3,-4,-2,3,-1,-1,-2,-2,-3,-3,2,-4}
12n_0396	5	{-1,2,-3,4,-1,-3,-3,-2,3,-2,3,4,-3,2}
12n_0397	5	{-1,2,3,-4,-1,-2,-4,3,-2,3,3,-4}
12n_0398	5	{-1,2,3,-4,-1,-2,-4,3,-2,-3,-3,-4}
12n_0399	5	{-1,2,-3,4,-1,-2,4,3,-2,-3,-3,4}
12n_0400	5	{-1,2,3,-4,-1,2,-4,-3,2,-3,-3,-4}
